7240001009175_920_00,1637568899,2018 2,2145 2,
7240001009175_920_00,1637568899,2131 1,2046 1,
7240001009175_920_00,1637568899,2132 1,1002 8,
7240001009175_920_00,1637568899,2132 1,2046 1,
7240001009175_920_00,3695385859,1041 3,1012 4,
7240001009175_920_00,3695385859,1032 4,1007 4,
7240001009175_920_00,3695385859,1037 4,1019 4,
7240001009175_920_00,3695385859,1037 4,1017 4,
7240001009175_920_00,1955103154,6035 2,6050 2,
7240001009175_920_00,1955103154,6035 2,6054 2,
7240001009175_920_00,1955103154,6034 2,6047 2,
7240001009175_920_00,1955103154,6034 2,6052 2,
7240001009175_920_00,1637568899,2047 1,2133 2,
7240001009175_920_00,1637568899,2028 2,2133 2,
7240001009175_920_00,1637568899,2046 1,2133 2,
7240001009175_920_00,1637568899,2143 2,2017 1,
7240001009175_920_00,1637568899,2141 1,2018 1,
7240001009175_920_00,1637568899,2134 1,1001 5,
7240001009175_920_00,1637568899,2131 1,1001 5,
7240001009175_920_00,1637568899,2132 1,2030 1,
7240001009175_920_00,3175988806,1040 2,1012 2,
7240001009175_920_00,3175988806,1037 4,1018 2,
7240001009175_920_00,1637568899,2143 1,2018 1,
7240001009175_920_00,1637568899,2017 2,2143 1,
7240001009175_920_00,1637568899,1002 4,2131 2,
7240001009175_920_00,1637568899,1001 4,2132 2,
7240001009175_920_00,1637568899,2018 2,2141 2,
7240001009175_920_00,1637568899,2133 1,2074 2,
7240001009175_920_00,1637568899,2134 1,2029 1,
7240001009175_920_00,1637568899,2132 1,1002 5,
7240001009175_920_00,1637568899,2132 1,2074 1,
7240001009175_920_00,3695385859,1042 2,1013 4,
7240001009175_920_00,3695385859,1028 4,2999 3,
7240001009175_920_00,3695385859,1016 4,2022 2,
7240001009175_920_00,3695385859,1016 4,2020 4,
7240001009175_920_00,1955103154,6037 2,6059 2,
7240001009175_920_00,1955103154,6035 2,6053 2,
7240001009175_920_00,1955103154,6034 2,6056 2,
7240001009175_920_00,1637568899,2028 2,2132 2,
7240001009175_920_00,1637568899,2050 2,2133 2,
7240001009175_920_00,1637568899,1002 8,2134 2,
7240001009175_920_00,1637568899,2029 2,2134 2,
7240001009175_920_00,1637568899,2029 2,2132 2,
7240001009175_920_00,1637568899,2074 1,2134 2,
7240001009175_920_00,1637568899,2142 2,2017 1,
7240001009175_920_00,3175988806,1040 2,1014 2,
7240001009175_920_00,1637568899,1001 4,2133 2,
7240001009175_920_00,1637568899,1002 4,2134 2,
7240001009175_920_00,1637568899,2134 1,2050 1,
7240001009175_920_00,1637568899,2131 1,2074 2,
7240001009175_920_00,1637568899,2131 1,1002 8,
7240001009175_920_00,1637568899,2132 1,2049 2,
7240001009175_920_00,3606006069,1037 4,1018 2,
7240001009175_920_00,3695385859,1040 2,1011 4,
7240001009175_920_00,3695385859,1031 4,1007 4,
7240001009175_920_00,3695385859,1015 4,2034 2,
7240001009175_920_00,3695385859,1015 4,2035 2,
7240001009175_920_00,1955103154,6035 2,6052 2,
7240001009175_920_00,1637568899,2030 2,2132 2,
7240001009175_920_00,1637568899,2049 2,2131 2,
7240001009175_920_00,1637568899,2049 2,2134 2,
7240001009175_920_00,1637568899,2074 2,2133 2,
7240001009175_920_00,1637568899,2074 2,2132 2,
7240001009175_920_00,1637568899,2050 2,2134 2,
7240001009175_920_00,1637568899,1002 8,2133 2,
7240001009175_920_00,1637568899,1001 4,2134 2,
7240001009175_920_00,1637568899,2133 1,2029 1,
7240001009175_920_00,1637568899,2144 1,2018 1,
7240001009175_920_00,1637568899,2131 1,2028 1,
7240001009175_920_00,3175988806,1041 3,1013 2,
7240001009175_920_00,3175988806,1032 2,1007 2,
7240001009175_920_00,3175988806,1042 2,1011 2,
7240001009175_920_00,3175988806,1016 2,3024 2,
7240001009175_920_00,3175988806,1017 2,3023 2,
7240001009175_920_00,3175988806,1017 2,3024 2,
7240001009175_920_00,3175988806,1028 2,1004 2,
7240001009175_920_00,1637568899,2030 2,2131 2,
7240001009175_920_00,1637568899,2017 2,2143 2,
7240001009175_920_00,1637568899,2029 2,2133 2,
7240001009175_920_00,1637568899,2018 2,2142 2,
7240001009175_920_00,1637568899,2142 1,2018 1,
7240001009175_920_00,1637568899,2017 2,2142 1,
7240001009175_920_00,1637568899,2017 2,2141 2,
7240001009175_920_00,1637568899,1002 4,2133 2,
7240001009175_920_00,1637568899,2133 1,1001 5,
7240001009175_920_00,1637568899,2133 1,2047 2,
7240001009175_920_00,1637568899,2132 1,2047 1,
7240001009175_920_00,1637568899,2132 1,2049 1,
7240001009175_920_00,3695385859,1042 2,1012 4,
7240001009175_920_00,3695385859,1027 4,1004 4,
7240001009175_920_00,1955103154,6035 2,6056 2,
7240001009175_920_00,1955103154,6035 2,6055 2,
7240001009175_920_00,1955103154,6036 2,6016 2,
7240001009175_920_00,1955103154,6034 2,6046 0,
7240001009175_920_00,1637568899,2050 1,2131 2,
7240001009175_920_00,1637568899,2050 1,2132 2,
7240001009175_920_00,1637568899,2047 1,2134 2,
7240001009175_920_00,1637568899,2046 1,2134 2,
7240001009175_920_00,1637568899,2018 2,2143 2,
7240001009175_920_00,1637568899,2018 2,2144 0,
7240001009175_920_00,1637568899,2145 1,2017 1,
7240001009175_920_00,1637568899,2145 1,2018 1,
7240001009175_920_00,1637568899,2133 1,1002 5,
7240001009175_920_00,1839392144,2007 1,1037 0,
7240001009175_920_00,3175988806,1028 2,2999 1,
7240001009175_920_00,1637568899,2028 2,2134 2,
7240001009175_920_00,1637568899,2017 2,2142 2,
7240001009175_920_00,1637568899,2028 2,2131 2,
7240001009175_920_00,1637568899,2133 1,2050 2,
7240001009175_920_00,1637568899,2133 1,1002 8,
7240001009175_920_00,1637568899,2134 1,2030 1,
7240001009175_920_00,1637568899,2131 1,2047 1,
7240001009175_920_00,1637568899,2132 1,2028 1,
7240001009175_920_00,3606006069,1037 4,1017 2,
7240001009175_920_00,3695385859,1038 2,1009 4,
7240001009175_920_00,3695385859,1040 2,1012 4,
7240001009175_920_00,3695385859,1032 4,1008 4,
7240001009175_920_00,1955103154,6034 2,6058 2,
7240001009175_920_00,1637568899,2047 2,2132 2,
7240001009175_920_00,1637568899,2074 1,2131 2,
7240001009175_920_00,1637568899,2134 1,2028 1,
7240001009175_920_00,1637568899,2142 2,2018 1,
7240001009175_920_00,1637568899,2133 1,2028 1,
7240001009175_920_00,1637568899,2131 1,2029 1,
7240001009175_920_00,3175988806,1031 2,1008 2,
7240001009175_920_00,3175988806,1027 2,1004 2,
7240001009175_920_00,3175988806,1027 2,2999 1,
7240001009175_920_00,3175988806,1033 2,1009 2,
7240001009175_920_00,1637568899,2030 2,2133 2,
7240001009175_920_00,1637568899,2133 1,2049 2,
7240001009175_920_00,1637568899,2144 1,2017 1,
7240001009175_920_00,1637568899,2134 1,2047 1,
7240001009175_920_00,1637568899,2134 1,2049 1,
7240001009175_920_00,3695385859,1041 3,1011 4,
7240001009175_920_00,3695385859,1018 4,2020 4,
7240001009175_920_00,1955103154,6034 2,6053 2,
7240001009175_920_00,1955103154,6034 2,6054 2,
7240001009175_920_00,1637568899,2049 2,2133 2,
7240001009175_920_00,1637568899,2050 2,2131 2,
7240001009175_920_00,1637568899,1002 8,2132 2,
7240001009175_920_00,1637568899,2141 1,2017 1,
7240001009175_920_00,1637568899,2143 2,2018 1,
7240001009175_920_00,3175988806,1041 3,1011 2,
7240001009175_920_00,3175988806,1015 2,3016 0,
7240001009175_920_00,3175988806,1032 2,1008 2,
7240001009175_920_00,3175988806,1040 2,1013 2,
7240001009175_920_00,3175988806,1037 4,1017 2,
7240001009175_920_00,1637568899,2030 2,2134 2,
7240001009175_920_00,1637568899,2134 1,2049 2,
7240001009175_920_00,1637568899,2134 1,1002 8,
7240001009175_920_00,1637568899,2132 1,2050 1,
7240001009175_920_00,1637568899,2132 1,2050 2,
7240001009175_920_00,3695385859,1019 4,2022 2,
7240001009175_920_00,3695385859,1017 4,2020 4,
7240001009175_920_00,3695385859,1031 4,1008 4,
7240001009175_920_00,1955103154,6035 2,6051 2,
7240001009175_920_00,1955103154,6035 2,6058 2,
7240001009175_920_00,1955103154,6034 2,6048 2,
7240001009175_920_00,1637568899,2049 2,2132 2,
7240001009175_920_00,1637568899,2049 1,2132 2,
7240001009175_920_00,1637568899,2074 1,2133 2,
7240001009175_920_00,3175988806,1015 2,3022 2,
7240001009175_920_00,3175988806,1037 4,1019 2,
7240001009175_920_00,3175988806,1016 2,3023 2,
7240001009175_920_00,3175988806,1033 2,1010 2,
7240001009175_920_00,1637568899,2017 2,2144 0,
7240001009175_920_00,1637568899,2017 2,2144 2,
7240001009175_920_00,1637568899,2018 2,2143 1,
7240001009175_920_00,1637568899,2133 1,2074 1,
7240001009175_920_00,1637568899,2134 1,2046 1,
7240001009175_920_00,1637568899,2131 1,2030 1,
7240001009175_920_00,1637568899,2143 1,2017 1,
7240001009175_920_00,1637568899,2132 1,2047 2,
7240001009175_920_00,3757219496,1037 2,4060 0,
7240001009175_920_00,3695385859,1040 2,1014 4,
7240001009175_920_00,3695385859,1042 2,1011 4,
7240001009175_920_00,3695385859,1027 4,2999 3,
7240001009175_920_00,3695385859,1037 4,1018 4,
7240001009175_920_00,3695385859,1033 2,1009 4,
7240001009175_920_00,1955103154,6037 2,6016 2,
7240001009175_920_00,1955103154,6037 2,6015 2,
7240001009175_920_00,1955103154,6035 2,6057 2,
7240001009175_920_00,1955103154,6036 2,6015 2,
7240001009175_920_00,1637568899,1002 8,2131 2,
7240001009175_920_00,1637568899,2047 2,2134 2,
7240001009175_920_00,1637568899,2029 2,2131 2,
7240001009175_920_00,1637568899,2049 1,2133 2,
7240001009175_920_00,1637568899,2133 1,2030 1,
7240001009175_920_00,3175988806,1041 3,1012 2,
7240001009175_920_00,1637568899,2017 2,2145 2,
7240001009175_920_00,1637568899,2018 2,2142 1,
7240001009175_920_00,1637568899,2018 2,2144 2,
7240001009175_920_00,1637568899,2131 1,2047 2,
7240001009175_920_00,1637568899,2131 1,2049 1,
7240001009175_920_00,1637568899,2132 1,2074 2,
7240001009175_920_00,3695385859,1040 2,1013 4,
7240001009175_920_00,3695385859,1017 4,2022 2,
7240001009175_920_00,3695385859,1015 4,2033 0,
7240001009175_920_00,3695385859,1015 4,2036 2,
7240001009175_920_00,1637568899,2050 1,2133 2,
7240001009175_920_00,1637568899,2047 2,2131 2,
7240001009175_920_00,1637568899,2046 1,2132 2,
7240001009175_920_00,3175988806,1038 2,1009 2,
7240001009175_920_00,3175988806,1040 2,1011 2,
7240001009175_920_00,3175988806,1042 2,1013 2,
7240001009175_920_00,1637568899,2134 1,2047 2,
7240001009175_920_00,1637568899,2131 1,2049 2,
7240001009175_920_00,3695385859,1019 4,2020 4,
7240001009175_920_00,1955103154,6035 2,6048 2,
7240001009175_920_00,1637568899,2047 1,2131 2,
7240001009175_920_00,1637568899,2074 2,2131 2,
7240001009175_920_00,1637568899,2046 1,2131 2,
7240001009175_920_00,1637568899,2074 1,2132 2,
7240001009175_920_00,3175988806,1031 2,1007 2,
7240001009175_920_00,3175988806,1015 2,3017 0,
7240001009175_920_00,3175988806,1015 2,3019 2,
7240001009175_920_00,3175988806,1015 2,3020 2,
7240001009175_920_00,3175988806,1015 2,3021 2,
7240001009175_920_00,3175988806,1018 2,3023 2,
7240001009175_920_00,3175988806,1019 2,3023 2,
7240001009175_920_00,3175988806,1042 2,1012 2,
7240001009175_920_00,1637568899,2133 1,2047 1,
7240001009175_920_00,1637568899,2133 1,2046 1,
7240001009175_920_00,1637568899,2134 1,2074 2,
7240001009175_920_00,1637568899,2134 1,2050 2,
7240001009175_920_00,1637568899,2134 1,2074 1,
7240001009175_920_00,1637568899,2131 1,2050 2,
7240001009175_920_00,1637568899,2131 1,2074 1,
7240001009175_920_00,3606006069,1037 4,1019 2,
7240001009175_920_00,3695385859,1041 3,1013 4,
7240001009175_920_00,3695385859,1038 2,1010 4,
7240001009175_920_00,3695385859,1042 2,1014 4,
7240001009175_920_00,3695385859,1028 4,1004 4,
7240001009175_920_00,1955103154,6035 2,6046 0,
7240001009175_920_00,1955103154,6036 2,6059 2,
7240001009175_920_00,1955103154,6034 2,6051 2,
7240001009175_920_00,1955103154,6034 2,6055 2,
7240001009175_920_00,1955103154,6034 2,6057 2,
7240001009175_920_00,1637568899,2050 1,2134 2,
7240001009175_920_00,1637568899,2049 1,2131 2,
7240001009175_920_00,3175988806,1038 2,1010 2,
7240001009175_920_00,3175988806,1042 2,1014 2,
7240001009175_930_00,1637568899,2137 1,2031 1,
7240001009175_930_00,1637568899,2032 2,2137 2,
7240001009175_930_00,1637568899,2139 1,2032 1,
7240001009175_930_00,1637568899,2139 1,2031 1,
7240001009175_930_00,1637568899,2032 2,2139 2,
7240001009175_930_00,1637568899,2031 2,2138 2,
7240001009175_930_00,1637568899,2137 1,2032 1,
7240001009175_930_00,1637568899,2031 2,2139 2,
7240001009175_930_00,1637568899,2032 2,2138 2,
7240001009175_930_00,1637568899,2138 1,2032 1,
7240001009175_930_00,1637568899,2138 1,2031 1,
7240001009175_930_00,1637568899,2031 2,2137 2,
7240001009175_940_00,1637568899,2134 1,2999 0,
7240001009175_940_00,1637568899,2135 1,2026 1,
7240001009175_940_00,1637568899,2132 1,2999 0,
7240001009175_940_00,3695385859,1029 4,2999 3,
7240001009175_940_00,3695385859,1028 4,1001 4,
7240001009175_940_00,3695385859,1047 4,1005 4,
7240001009175_940_00,3695385859,1022 4,2024 2,
7240001009175_940_00,3695385859,1022 4,2025 2,
7240001009175_940_00,1637568899,2999 4,2133 2,
7240001009175_940_00,1637568899,2999 4,2132 2,
7240001009175_940_00,1637568899,2135 1,2027 1,
7240001009175_940_00,1637568899,2146 1,2017 1,
7240001009175_940_00,1637568899,2140 1,2021 1,
7240001009175_940_00,1637568899,2140 1,2022 1,
7240001009175_940_00,1637568899,2136 1,2027 1,
7240001009175_940_00,1637568899,2020 2,2140 2,
7240001009175_940_00,1637568899,2018 2,2150 2,
7240001009175_940_00,1637568899,2018 2,2146 2,
7240001009175_940_00,3695385859,1028 4,2029 2,
7240001009175_940_00,3695385859,1027 4,2029 2,
7240001009175_940_00,3695385859,1023 4,2028 2,
7240001009175_940_00,1637568899,2026 2,2135 2,
7240001009175_940_00,1637568899,2147 1,2017 1,
7240001009175_940_00,1637568899,2153 1,2016 1,
7240001009175_940_00,3175988806,1022 2,3011 2,
7240001009175_940_00,1637568899,2999 4,2131 2,
7240001009175_940_00,1637568899,2019 2,2140 2,
7240001009175_940_00,3695385859,1026 4,2028 2,
7240001009175_940_00,3695385859,1020 4,2025 2,
7240001009175_940_00,1839392144,2006 1,1037 0,
7240001009175_940_00,3175988806,1028 2,1002 2,
7240001009175_940_00,1637568899,2027 2,2136 2,
7240001009175_940_00,1637568899,2140 1,2019 1,
7240001009175_940_00,1637568899,2022 2,2140 2,
7240001009175_940_00,1637568899,2017 2,2148 2,
7240001009175_940_00,3695385859,1027 4,1002 4,
7240001009175_940_00,3695385859,1023 4,2026 2,
7240001009175_940_00,1637568899,2152 1,2016 1,
7240001009175_940_00,3175988806,1027 2,1001 2,
7240001009175_940_00,3175988806,1020 2,3010 2,
7240001009175_940_00,1637568899,2136 1,2026 1,
7240001009175_940_00,3606006069,1037 4,1016 0,
7240001009175_940_00,3695385859,1025 4,2027 2,
7240001009175_940_00,3695385859,1025 4,2026 2,
7240001009175_940_00,3695385859,1025 4,2028 2,
7240001009175_940_00,3695385859,1037 4,1015 4,
7240001009175_940_00,1637568899,2149 1,2018 1,
7240001009175_940_00,1637568899,2148 1,2017 1,
7240001009175_940_00,1637568899,2151 1,2016 1,
7240001009175_940_00,3175988806,1027 2,3015 2,
7240001009175_940_00,3175988806,1037 4,1016 2,
7240001009175_940_00,1637568899,2016 2,2153 0,
7240001009175_940_00,1637568899,2017 2,2149 2,
7240001009175_940_00,3695385859,1024 4,2028 2,
7240001009175_940_00,3695385859,1027 4,1001 4,
7240001009175_940_00,3695385859,1037 4,1016 4,
7240001009175_940_00,3695385859,1026 4,2027 2,
7240001009175_940_00,3695385859,1021 4,2024 2,
7240001009175_940_00,3695385859,1021 4,2025 2,
7240001009175_940_00,1637568899,2148 1,2018 1,
7240001009175_940_00,3175988806,1027 2,1002 2,
7240001009175_940_00,3175988806,1020 2,3011 2,
7240001009175_940_00,3175988806,1021 2,3010 2,
7240001009175_940_00,1637568899,2140 1,2020 1,
7240001009175_940_00,1637568899,2016 2,2151 2,
7240001009175_940_00,1637568899,2026 2,2136 2,
7240001009175_940_00,1637568899,2018 2,2147 2,
7240001009175_940_00,3695385859,1026 4,2026 2,
7240001009175_940_00,3695385859,1023 4,2027 2,
7240001009175_940_00,1637568899,2147 1,2018 1,
7240001009175_940_00,1637568899,2150 1,2017 1,
7240001009175_940_00,1637568899,2150 1,2018 1,
7240001009175_940_00,1839392144,2004 1,1037 0,
7240001009175_940_00,3175988806,1023 2,3014 2,
7240001009175_940_00,3175988806,1020 2,3013 2,
7240001009175_940_00,3175988806,1029 2,1004 2,
7240001009175_940_00,3175988806,1025 2,3014 2,
7240001009175_940_00,3175988806,1024 2,3014 2,
7240001009175_940_00,1637568899,2140 1,2021 0,
7240001009175_940_00,3695385859,1028 4,1002 4,
7240001009175_940_00,3695385859,1027 4,2030 2,
7240001009175_940_00,1637568899,2146 1,2018 1,
7240001009175_940_00,1839392144,2003 1,1037 0,
7240001009175_940_00,3175988806,1022 2,3012 2,
7240001009175_940_00,3175988806,1022 2,3010 2,
7240001009175_940_00,3175988806,1030 2,1006 2,
7240001009175_940_00,3175988806,1047 2,1005 2,
7240001009175_940_00,3175988806,1021 2,3011 2,
7240001009175_940_00,3175988806,1021 2,3013 2,
7240001009175_940_00,1637568899,2027 2,2135 2,
7240001009175_940_00,3695385859,1024 4,2027 2,
7240001009175_940_00,3695385859,1029 4,1004 4,
7240001009175_940_00,3695385859,1047 4,1006 4,
7240001009175_940_00,3695385859,1020 4,2023 2,
7240001009175_940_00,3695385859,1020 4,2024 2,
7240001009175_940_00,3695385859,1021 4,2023 2,
7240001009175_940_00,1637568899,2999 4,2134 2,
7240001009175_940_00,1637568899,2133 1,2999 0,
7240001009175_940_00,1637568899,2149 1,2017 1,
7240001009175_940_00,1637568899,2131 1,2999 0,
7240001009175_940_00,3175988806,1026 2,3014 2,
7240001009175_940_00,3175988806,1022 2,3013 2,
7240001009175_940_00,3175988806,1030 2,1005 2,
7240001009175_940_00,3175988806,1021 2,3012 2,
7240001009175_940_00,1637568899,2017 2,2146 2,
7240001009175_940_00,3175988806,1047 2,1006 2,
7240001009175_940_00,1637568899,2016 2,2152 2,
7240001009175_940_00,1637568899,2017 2,2147 2,
7240001009175_940_00,3695385859,1028 4,2030 2,
7240001009175_940_00,3695385859,1030 4,1005 4,
7240001009175_940_00,1839392144,2005 1,1037 0,
7240001009175_940_00,1839392144,2001 1,1037 0,
7240001009175_940_00,3175988806,1020 2,3012 2,
7240001009175_940_00,3175988806,1029 2,2999 1,
7240001009175_940_00,3175988806,1028 2,1001 2,
7240001009175_940_00,1637568899,2018 2,2148 2,
7240001009175_940_00,3695385859,1024 4,2026 2,
7240001009175_940_00,3695385859,1030 4,1006 4,
7240001009175_940_00,3695385859,1022 4,2023 2,
7240001009175_940_00,1839392144,2002 1,1037 0,
7240001009175_940_00,3175988806,1037 4,1015 2,
7240001009175_940_00,3175988806,1028 2,3015 2,
7240001009175_940_00,1637568899,2017 2,2150 2,
7240001009175_940_00,1637568899,2018 2,2149 2,
7240001009175_960_00,1637568899,2142 1,2020 1,
7240001009175_960_00,3695385859,1041 3,1009 4,
7240001009175_960_00,1955103154,6038 2,6016 2,
7240001009175_960_00,1955103154,1041 4,6017 2,
7240001009175_960_00,1955103154,1041 4,6018 2,
7240001009175_960_00,1637568899,2020 2,2144 0,
7240001009175_960_00,1637568899,2141 1,2022 1,
7240001009175_960_00,1637568899,2144 1,2021 1,
7240001009175_960_00,3175988806,1018 2,3022 2,
7240001009175_960_00,3175988806,1018 2,3021 2,
7240001009175_960_00,3175988806,1019 2,3020 2,
7240001009175_960_00,3175988806,1019 2,3016 0,
7240001009175_960_00,3175988806,1017 2,3017 0,
7240001009175_960_00,3175988806,1033 2,1007 2,
7240001009175_960_00,1637568899,2022 2,2142 2,
7240001009175_960_00,1637568899,2019 2,2142 2,
7240001009175_960_00,3695385859,1017 4,2035 2,
7240001009175_960_00,1955103154,1034 8,6020 2,
7240001009175_960_00,1955103154,6088 2,6015 2,
7240001009175_960_00,1955103154,1042 5,6019 2,
7240001009175_960_00,1955103154,1042 5,6018 2,
7240001009175_960_00,1637568899,2143 2,2022 1,
7240001009175_960_00,1637568899,2142 2,2021 1,
7240001009175_960_00,3175988806,1018 2,3018 2,
7240001009175_960_00,3175988806,1020 2,3023 2,
7240001009175_960_00,3175988806,1016 2,3019 2,
7240001009175_960_00,3175988806,1016 2,3020 2,
7240001009175_960_00,3175988806,1021 2,3024 2,
7240001009175_960_00,1637568899,2022 2,2143 2,
7240001009175_960_00,1637568899,2022 2,2141 2,
7240001009175_960_00,1637568899,2142 1,2021 0,
7240001009175_960_00,1637568899,2022 2,2143 1,
7240001009175_960_00,1637568899,2020 2,2141 2,
7240001009175_960_00,1637568899,2019 2,2142 1,
7240001009175_960_00,1637568899,2141 1,2019 1,
7240001009175_960_00,3695385859,1033 2,1007 4,
7240001009175_960_00,1955103154,6038 2,6015 2,
7240001009175_960_00,1955103154,1037 6,6018 2,
7240001009175_960_00,1955103154,1042 5,6020 2,
7240001009175_960_00,1637568899,2145 1,2021 1,
7240001009175_960_00,1637568899,2144 1,2022 1,
7240001009175_960_00,3175988806,1018 2,3019 2,
7240001009175_960_00,3175988806,1018 2,3020 2,
7240001009175_960_00,3175988806,1019 2,3022 2,
7240001009175_960_00,3175988806,1040 2,1010 2,
7240001009175_960_00,3175988806,1016 2,3017 0,
7240001009175_960_00,3175988806,1016 2,3021 2,
7240001009175_960_00,1637568899,2019 2,2143 2,
7240001009175_960_00,1637568899,2142 1,2022 1,
7240001009175_960_00,3695385859,1041 3,1010 4,
7240001009175_960_00,3695385859,1040 2,1010 4,
7240001009175_960_00,3695385859,1019 4,2033 0,
7240001009175_960_00,3695385859,1018 4,2036 2,
7240001009175_960_00,3695385859,1021 4,2022 2,
7240001009175_960_00,1637568899,2143 2,2021 1,
7240001009175_960_00,1637568899,2142 2,2022 1,
7240001009175_960_00,3175988806,1019 2,3018 2,
7240001009175_960_00,3175988806,1019 2,3017 0,
7240001009175_960_00,3175988806,1019 2,3019 2,
7240001009175_960_00,3175988806,1022 2,3023 2,
7240001009175_960_00,3175988806,1017 2,3020 2,
7240001009175_960_00,3175988806,1017 2,3021 2,
7240001009175_960_00,3175988806,1017 2,3016 0,
7240001009175_960_00,1637568899,2142 1,2019 1,
7240001009175_960_00,1637568899,2144 1,2019 1,
7240001009175_960_00,1637568899,2143 1,2022 1,
7240001009175_960_00,3695385859,1040 2,1009 4,
7240001009175_960_00,3695385859,1019 4,2035 2,
7240001009175_960_00,3695385859,1017 4,2034 2,
7240001009175_960_00,3695385859,1018 4,2033 0,
7240001009175_960_00,1955103154,1041 4,6020 2,
7240001009175_960_00,1637568899,2144 1,2020 1,
7240001009175_960_00,1637568899,2141 1,2020 1,
7240001009175_960_00,3175988806,1031 2,1006 2,
7240001009175_960_00,3175988806,1042 2,1009 2,
7240001009175_960_00,3175988806,1016 2,3018 2,
7240001009175_960_00,1637568899,2143 1,2021 0,
7240001009175_960_00,1637568899,2142 1,2021 1,
7240001009175_960_00,1637568899,2143 1,2020 1,
7240001009175_960_00,3695385859,1038 2,1008 4,
7240001009175_960_00,3695385859,1042 2,1010 4,
7240001009175_960_00,3695385859,1042 2,1009 4,
7240001009175_960_00,3695385859,1017 4,2033 0,
7240001009175_960_00,3695385859,1018 4,2035 2,
7240001009175_960_00,1955103154,6038 2,6059 2,
7240001009175_960_00,1955103154,1034 8,6018 2,
7240001009175_960_00,1955103154,6088 2,6059 2,
7240001009175_960_00,1637568899,2020 2,2142 2,
7240001009175_960_00,1637568899,2143 2,2020 1,
7240001009175_960_00,1637568899,2143 1,2019 1,
7240001009175_960_00,1637568899,2141 1,2021 1,
7240001009175_960_00,3175988806,1038 2,1008 2,
7240001009175_960_00,1637568899,2019 2,2141 2,
7240001009175_960_00,1637568899,2022 2,2142 1,
7240001009175_960_00,3695385859,1017 4,2036 2,
7240001009175_960_00,3695385859,1031 4,1006 4,
7240001009175_960_00,3695385859,1016 4,2036 2,
7240001009175_960_00,1955103154,1037 6,6017 2,
7240001009175_960_00,1637568899,2145 1,2020 1,
7240001009175_960_00,1637568899,2143 1,2021 1,
7240001009175_960_00,3175988806,1022 2,3024 2,
7240001009175_960_00,3175988806,1042 2,1010 2,
7240001009175_960_00,1637568899,2141 1,2021 0,
7240001009175_960_00,1637568899,2020 2,2143 2,
7240001009175_960_00,1637568899,2020 2,2145 2,
7240001009175_960_00,3695385859,1019 4,2034 2,
7240001009175_960_00,3695385859,1018 4,2034 2,
7240001009175_960_00,3695385859,1016 4,2035 2,
7240001009175_960_00,1955103154,1034 8,6017 2,
7240001009175_960_00,1955103154,1037 6,6019 2,
7240001009175_960_00,1637568899,2022 2,2144 0,
7240001009175_960_00,1637568899,2019 2,2144 0,
7240001009175_960_00,1637568899,2145 1,2019 1,
7240001009175_960_00,1637568899,2145 1,2022 1,
7240001009175_960_00,3175988806,1031 2,1005 2,
7240001009175_960_00,3175988806,1018 2,3017 0,
7240001009175_960_00,3175988806,1038 2,1007 2,
7240001009175_960_00,3175988806,1016 2,3022 2,
7240001009175_960_00,1637568899,2022 2,2144 2,
7240001009175_960_00,1637568899,2022 2,2145 2,
7240001009175_960_00,1637568899,2019 2,2145 2,
7240001009175_960_00,3695385859,1032 4,1006 4,
7240001009175_960_00,3695385859,1016 4,2033 0,
7240001009175_960_00,3695385859,1022 4,2022 2,
7240001009175_960_00,1955103154,1041 4,6019 2,
7240001009175_960_00,1637568899,2143 2,2019 1,
7240001009175_960_00,1637568899,2142 2,2020 1,
7240001009175_960_00,3175988806,1018 2,3016 0,
7240001009175_960_00,3175988806,1017 2,3019 2,
7240001009175_960_00,1637568899,2019 2,2143 1,
7240001009175_960_00,3695385859,1038 2,1007 4,
7240001009175_960_00,3695385859,1031 4,1005 4,
7240001009175_960_00,3695385859,1016 4,2034 2,
7240001009175_960_00,3695385859,1021 4,2020 4,
7240001009175_960_00,1955103154,1034 8,6019 2,
7240001009175_960_00,1955103154,6088 2,6016 2,
7240001009175_960_00,1955103154,1042 5,6017 2,
7240001009175_960_00,1637568899,2142 2,2019 1,
7240001009175_960_00,3175988806,1041 3,1009 2,
7240001009175_960_00,3175988806,1041 3,1010 2,
7240001009175_960_00,3175988806,1032 2,1006 2,
7240001009175_960_00,3175988806,1017 2,3018 2,
7240001009175_960_00,3175988806,1017 2,3022 2,
7240001009175_960_00,1637568899,2144 1,2021 0,
7240001009175_960_00,1637568899,2020 2,2144 2,
7240001009175_960_00,3695385859,1020 4,2022 2,
7240001009175_960_00,3695385859,1022 4,2020 4,
7240001009175_960_00,1955103154,1037 6,6020 2,
7240001009175_960_00,3175988806,1032 2,1005 2,
7240001009175_960_00,1637568899,2020 2,2143 1,
7240001009175_960_00,3695385859,1019 4,2036 2,
7240001009175_960_00,3695385859,1032 4,1005 4,
7240001009175_960_00,3695385859,1020 4,2020 4,
7240001009175_960_00,3695385859,1033 2,1008 4,
7240001009175_960_00,3175988806,1019 2,3021 2,
7240001009175_960_00,3175988806,1040 2,1009 2,
7240001009175_960_00,3175988806,1020 2,3024 2,
7240001009175_960_00,3175988806,1016 2,3016 0,
7240001009175_960_00,3175988806,1033 2,1008 2,
7240001009175_960_00,3175988806,1021 2,3023 2,
7240001009175_960_00,1637568899,2020 2,2142 1,
7240001009175_960_00,1637568899,2019 2,2144 2,
7240001009175_970_00,1637568899,2135 1,2029 1,
7240001009175_970_00,1637568899,2139 1,2026 1,
7240001009175_970_00,1637568899,2136 1,2030 1,
7240001009175_970_00,1637568899,2030 2,2136 2,
7240001009175_970_00,1637568899,2028 2,2136 2,
7240001009175_970_00,1637568899,1002 4,2136 2,
7240001009175_970_00,1637568899,2135 1,1002 5,
7240001009175_970_00,1637568899,2030 2,2135 2,
7240001009175_970_00,1637568899,2028 2,2135 2,
7240001009175_970_00,1637568899,1002 4,2135 2,
7240001009175_970_00,1637568899,1001 4,2135 2,
7240001009175_970_00,1637568899,2135 1,1002 8,
7240001009175_970_00,1637568899,2136 1,2047 2,
7240001009175_970_00,1637568899,2047 2,2135 2,
7240001009175_970_00,1637568899,2031 2,2140 2,
7240001009175_970_00,1637568899,2046 1,2136 2,
7240001009175_970_00,1637568899,2138 1,2026 1,
7240001009175_970_00,1637568899,2135 1,2030 1,
7240001009175_970_00,1637568899,2026 2,2137 2,
7240001009175_970_00,1637568899,2027 2,2137 2,
7240001009175_970_00,1637568899,2026 2,2139 2,
7240001009175_970_00,1637568899,2136 1,1001 5,
7240001009175_970_00,1637568899,2136 1,2049 1,
7240001009175_970_00,1637568899,2049 2,2135 2,
7240001009175_970_00,1637568899,2074 2,2135 2,
7240001009175_970_00,1637568899,2140 1,2032 1,
7240001009175_970_00,1637568899,2135 1,1001 5,
7240001009175_970_00,1637568899,2136 1,2028 1,
7240001009175_970_00,1637568899,2138 1,2027 1,
7240001009175_970_00,1637568899,2026 2,2138 2,
7240001009175_970_00,1637568899,2135 1,2050 2,
7240001009175_970_00,1637568899,2136 1,2050 1,
7240001009175_970_00,1637568899,2136 1,2029 1,
7240001009175_970_00,1637568899,2047 1,2135 2,
7240001009175_970_00,1637568899,1002 8,2136 2,
7240001009175_970_00,1637568899,2049 1,2135 2,
7240001009175_970_00,1637568899,1001 4,2136 2,
7240001009175_970_00,1637568899,2140 1,2031 1,
7240001009175_970_00,1637568899,2027 2,2138 2,
7240001009175_970_00,1637568899,2135 1,2074 1,
7240001009175_970_00,1637568899,2136 1,1002 5,
7240001009175_970_00,1637568899,2050 1,2135 2,
7240001009175_970_00,1637568899,2027 2,2139 2,
7240001009175_970_00,1637568899,1002 8,2135 2,
7240001009175_970_00,1637568899,2029 2,2136 2,
7240001009175_970_00,1637568899,2074 1,2135 2,
7240001009175_970_00,1637568899,2139 1,2027 1,
7240001009175_970_00,1637568899,2135 1,2028 1,
7240001009175_970_00,1637568899,2135 1,2047 2,
7240001009175_970_00,1637568899,2137 1,2027 1,
7240001009175_970_00,1637568899,2029 2,2135 2,
7240001009175_970_00,1637568899,2135 1,2074 2,
7240001009175_970_00,1637568899,2135 1,2046 1,
7240001009175_970_00,1637568899,2032 2,2140 2,
7240001009175_970_00,1637568899,2050 1,2136 2,
7240001009175_970_00,1637568899,2050 2,2135 2,
7240001009175_970_00,1637568899,2049 1,2136 2,
7240001009175_970_00,1637568899,2137 1,2026 1,
7240001009175_970_00,1637568899,2135 1,2050 1,
7240001009175_970_00,1637568899,2136 1,2050 2,
7240001009175_970_00,1637568899,2074 2,2136 2,
7240001009175_970_00,1637568899,2074 1,2136 2,
7240001009175_970_00,1637568899,2047 1,2136 2,
7240001009175_970_00,1637568899,2136 1,1002 8,
7240001009175_970_00,1637568899,2136 1,2074 1,
7240001009175_970_00,1637568899,2135 1,2049 1,
7240001009175_970_00,1637568899,2136 1,2047 1,
7240001009175_970_00,1637568899,2136 1,2074 2,
7240001009175_970_00,1637568899,2136 1,2046 1,
7240001009175_970_00,1637568899,2047 2,2136 2,
7240001009175_970_00,1637568899,2046 1,2135 2,
7240001009175_970_00,1637568899,2135 1,2047 1,
7240001009175_970_00,1637568899,2135 1,2049 2,
7240001009175_970_00,1637568899,2136 1,2049 2,
7240001009175_970_00,1637568899,2049 2,2136 2,
7240001009175_970_00,1637568899,2050 2,2136 2,
7240001009175_980_00,3695385859,1029 4,1001 4,
7240001009175_980_00,3695385859,1028 4,2028 2,
7240001009175_980_00,3695385859,1027 4,2028 2,
7240001009175_980_00,1637568899,2999 4,2135 2,
7240001009175_980_00,1637568899,2147 1,2019 1,
7240001009175_980_00,1637568899,2147 1,2022 1,
7240001009175_980_00,1637568899,2148 1,2020 1,
7240001009175_980_00,1637568899,2150 1,2020 1,
7240001009175_980_00,3175988806,1024 2,3011 2,
7240001009175_980_00,1637568899,2022 2,2150 2,
7240001009175_980_00,1637568899,2020 2,2150 2,
7240001009175_980_00,1637568899,2020 2,2149 2,
7240001009175_980_00,1637568899,2019 2,2147 2,
7240001009175_980_00,3695385859,1028 4,2027 2,
7240001009175_980_00,1637568899,2147 1,2021 1,
7240001009175_980_00,3175988806,1024 2,3013 2,
7240001009175_980_00,1637568899,2999 4,2136 2,
7240001009175_980_00,1637568899,2020 2,2148 2,
7240001009175_980_00,3695385859,1030 4,2999 3,
7240001009175_980_00,1637568899,2149 1,2020 1,
7240001009175_980_00,3175988806,1029 2,1001 2,
7240001009175_980_00,1637568899,2019 2,2148 2,
7240001009175_980_00,1637568899,2019 2,2150 2,
7240001009175_980_00,1637568899,2019 2,2146 2,
7240001009175_980_00,3695385859,1027 4,2026 2,
7240001009175_980_00,3175988806,1026 2,3013 2,
7240001009175_980_00,3175988806,1023 2,3010 2,
7240001009175_980_00,3175988806,1030 2,2999 1,
7240001009175_980_00,3175988806,1029 2,3015 2,
7240001009175_980_00,3175988806,1025 2,3010 2,
7240001009175_980_00,3175988806,1024 2,3010 2,
7240001009175_980_00,1637568899,2022 2,2147 2,
7240001009175_980_00,1637568899,2022 2,2146 2,
7240001009175_980_00,1637568899,2020 2,2147 2,
7240001009175_980_00,1637568899,2019 2,2149 2,
7240001009175_980_00,3695385859,1030 4,1004 4,
7240001009175_980_00,3695385859,1047 4,2999 3,
7240001009175_980_00,3175988806,1026 2,3012 2,
7240001009175_980_00,3175988806,1023 2,3011 2,
7240001009175_980_00,3175988806,1047 2,2999 1,
7240001009175_980_00,3175988806,1025 2,3011 2,
7240001009175_980_00,1637568899,2022 2,2149 2,
7240001009175_980_00,1637568899,2147 1,2020 1,
7240001009175_980_00,1637568899,2149 1,2019 1,
7240001009175_980_00,1637568899,2135 1,2999 0,
7240001009175_980_00,3175988806,1023 2,3012 2,
7240001009175_980_00,3175988806,1025 2,3013 2,
7240001009175_980_00,1637568899,2136 1,2999 0,
7240001009175_980_00,1637568899,2148 1,2019 1,
7240001009175_980_00,1637568899,2146 1,2020 1,
7240001009175_980_00,1637568899,2150 1,2022 1,
7240001009175_980_00,3175988806,1030 2,1004 2,
7240001009175_980_00,1637568899,2149 1,2022 1,
7240001009175_980_00,3695385859,1027 4,2027 2,
7240001009175_980_00,1637568899,2146 1,2019 1,
7240001009175_980_00,3175988806,1026 2,3010 2,
7240001009175_980_00,3175988806,1023 2,3013 2,
7240001009175_980_00,3175988806,1047 2,1004 2,
7240001009175_980_00,1637568899,2150 1,2019 1,
7240001009175_980_00,1637568899,2150 1,2021 1,
7240001009175_980_00,3175988806,1025 2,3012 2,
7240001009175_980_00,3175988806,1024 2,3012 2,
7240001009175_980_00,3695385859,1029 4,2029 2,
7240001009175_980_00,3695385859,1028 4,2026 2,
7240001009175_980_00,1637568899,2148 1,2021 1,
7240001009175_980_00,1637568899,2148 1,2022 1,
7240001009175_980_00,3175988806,1026 2,3011 2,
7240001009175_980_00,1637568899,2022 2,2148 2,
7240001009175_980_00,1637568899,2020 2,2146 2,
7240001009175_980_00,3695385859,1029 4,2030 2,
7240001009175_980_00,3695385859,1029 4,1002 4,
7240001009175_980_00,3695385859,1047 4,1004 4,
7240001009175_980_00,1637568899,2149 1,2021 1,
7240001009175_980_00,1637568899,2146 1,2021 1,
7240001009175_980_00,1637568899,2146 1,2022 1,
7240001009175_980_00,3175988806,1029 2,1002 2,
7240001009175_990_00,1637568899,2017 2,2151 2,
7240001009175_990_00,1637568899,2018 2,2152 2,
7240001009175_990_00,1637568899,2018 2,2153 0,
7240001009175_990_00,1637568899,2151 1,2018 1,
7240001009175_990_00,1637568899,2017 2,2152 2,
7240001009175_990_00,1637568899,2153 1,2018 1,
7240001009175_990_00,1637568899,2153 1,2017 1,
7240001009175_990_00,1637568899,2018 2,2151 2,
7240001009175_990_00,1637568899,2152 1,2018 1,
7240001009175_990_00,1637568899,2017 2,2153 0,
7240001009175_990_00,1637568899,2151 1,2017 1,
7240001009175_990_00,1637568899,2152 1,2017 1,
7240001009175_1000_00,1637568899,2139 1,1001 5,
7240001009175_1000_00,1637568899,2139 1,2046 1,
7240001009175_1000_00,1637568899,2139 1,2049 1,
7240001009175_1000_00,1637568899,2137 1,2047 2,
7240001009175_1000_00,1637568899,2137 1,2046 1,
7240001009175_1000_00,3695385859,1037 4,1012 4,
7240001009175_1000_00,3695385859,1037 4,1014 4,
7240001009175_1000_00,3695385859,1031 4,1004 4,
7240001009175_1000_00,1955103154,6037 2,6047 2,
7240001009175_1000_00,1955103154,6037 2,6052 2,
7240001009175_1000_00,1955103154,6036 2,6053 2,
7240001009175_1000_00,1637568899,2050 1,2138 2,
7240001009175_1000_00,1637568899,2050 1,2137 2,
7240001009175_1000_00,1637568899,2047 1,2137 2,
7240001009175_1000_00,1637568899,2030 2,2138 2,
7240001009175_1000_00,1637568899,2049 2,2138 2,
7240001009175_1000_00,1637568899,2050 2,2138 2,
7240001009175_1000_00,1637568899,1002 4,2137 2,
7240001009175_1000_00,1637568899,2031 2,2144 0,
7240001009175_1000_00,1637568899,1001 4,2139 2,
7240001009175_1000_00,1637568899,1001 4,2138 2,
7240001009175_1000_00,1637568899,2142 1,2031 1,
7240001009175_1000_00,1637568899,2144 1,2032 1,
7240001009175_1000_00,1637568899,2138 1,2029 1,
7240001009175_1000_00,3175988806,1041 3,1008 2,
7240001009175_1000_00,3175988806,1020 2,3022 2,
7240001009175_1000_00,3175988806,1037 4,1011 2,
7240001009175_1000_00,3175988806,1037 4,1012 2,
7240001009175_1000_00,3175988806,1047 2,3015 2,
7240001009175_1000_00,1637568899,2032 2,2142 2,
7240001009175_1000_00,1637568899,2138 1,1002 8,
7240001009175_1000_00,1637568899,2139 1,2049 2,
7240001009175_1000_00,1637568899,2139 1,2050 2,
7240001009175_1000_00,1637568899,2137 1,1001 5,
7240001009175_1000_00,1637568899,2137 1,2047 1,
7240001009175_1000_00,3695385859,1040 2,1007 4,
7240001009175_1000_00,3695385859,1025 4,2024 2,
7240001009175_1000_00,3695385859,1025 4,2025 2,
7240001009175_1000_00,3695385859,1021 4,2034 2,
7240001009175_1000_00,1637568899,2032 2,2144 0,
7240001009175_1000_00,1637568899,2032 2,2141 2,
7240001009175_1000_00,1637568899,2050 1,2139 2,
7240001009175_1000_00,1637568899,1002 8,2138 2,
7240001009175_1000_00,1637568899,2047 2,2139 2,
7240001009175_1000_00,1637568899,2049 1,2139 2,
7240001009175_1000_00,1637568899,2074 1,2138 2,
7240001009175_1000_00,1637568899,2144 1,2031 1,
7240001009175_1000_00,1637568899,2137 1,2030 1,
7240001009175_1000_00,1637568899,2142 2,2031 1,
7240001009175_1000_00,1637568899,2141 1,2031 1,
7240001009175_1000_00,1637568899,2137 1,2028 1,
7240001009175_1000_00,3175988806,1022 2,3021 2,
7240001009175_1000_00,3175988806,1021 2,3019 2,
7240001009175_1000_00,3175988806,1021 2,3020 2,
7240001009175_1000_00,1637568899,2031 2,2141 2,
7240001009175_1000_00,1637568899,2031 2,2142 2,
7240001009175_1000_00,1637568899,2032 2,2143 2,
7240001009175_1000_00,1637568899,1002 4,2138 2,
7240001009175_1000_00,1637568899,2029 2,2138 2,
7240001009175_1000_00,1637568899,2142 1,2032 1,
7240001009175_1000_00,1637568899,2138 1,2074 2,
7240001009175_1000_00,1637568899,2139 1,2028 1,
7240001009175_1000_00,1637568899,2139 1,2029 1,
7240001009175_1000_00,1637568899,2137 1,1002 8,
7240001009175_1000_00,3695385859,1041 3,1007 4,
7240001009175_1000_00,3695385859,1029 4,2027 2,
7240001009175_1000_00,3695385859,1026 4,2025 2,
7240001009175_1000_00,3695385859,1022 4,2036 2,
7240001009175_1000_00,1955103154,6037 2,6055 2,
7240001009175_1000_00,1637568899,2046 1,2138 2,
7240001009175_1000_00,1637568899,2029 2,2139 2,
7240001009175_1000_00,1637568899,2049 1,2137 2,
7240001009175_1000_00,1637568899,2145 1,2031 1,
7240001009175_1000_00,1637568899,2138 1,2028 1,
7240001009175_1000_00,1637568899,2139 1,1002 5,
7240001009175_1000_00,1637568899,2143 1,2032 1,
7240001009175_1000_00,3175988806,1020 2,3019 2,
7240001009175_1000_00,3175988806,1020 2,3016 0,
7240001009175_1000_00,3175988806,1033 2,1006 2,
7240001009175_1000_00,1637568899,2029 2,2137 2,
7240001009175_1000_00,1637568899,2032 2,2142 1,
7240001009175_1000_00,1637568899,2031 2,2144 2,
7240001009175_1000_00,1637568899,2138 1,2074 1,
7240001009175_1000_00,1637568899,2137 1,2049 2,
7240001009175_1000_00,1637568899,2137 1,2074 1,
7240001009175_1000_00,1637568899,2137 1,2029 1,
7240001009175_1000_00,3695385859,1020 4,2034 2,
7240001009175_1000_00,3695385859,1033 2,1005 4,
7240001009175_1000_00,3695385859,1023 4,2023 2,
7240001009175_1000_00,3695385859,1021 4,2033 0,
7240001009175_1000_00,1955103154,6036 2,6051 2,
7240001009175_1000_00,1955103154,6036 2,6055 2,
7240001009175_1000_00,1637568899,2047 2,2138 2,
7240001009175_1000_00,1637568899,2143 2,2031 1,
7240001009175_1000_00,1637568899,2143 1,2031 1,
7240001009175_1000_00,1637568899,2140 1,2026 1,
7240001009175_1000_00,1637568899,2138 1,1002 5,
7240001009175_1000_00,3175988806,1031 2,2999 1,
7240001009175_1000_00,3175988806,1032 2,2999 1,
7240001009175_1000_00,3175988806,1022 2,3017 0,
7240001009175_1000_00,3175988806,1030 2,1002 2,
7240001009175_1000_00,3175988806,1021 2,3021 2,
7240001009175_1000_00,3175988806,1021 2,3016 0,
7240001009175_1000_00,3175988806,1028 2,3014 2,
7240001009175_1000_00,1637568899,2032 2,2144 2,
7240001009175_1000_00,1637568899,2141 1,2032 1,
7240001009175_1000_00,1637568899,2140 1,2027 1,
7240001009175_1000_00,1637568899,2137 1,2050 1,
7240001009175_1000_00,3695385859,1037 4,1011 4,
7240001009175_1000_00,3695385859,1020 4,2036 2,
7240001009175_1000_00,1955103154,6037 2,6053 2,
7240001009175_1000_00,1955103154,6037 2,6054 2,
7240001009175_1000_00,1955103154,6036 2,6057 2,
7240001009175_1000_00,1637568899,2028 2,2137 2,
7240001009175_1000_00,1637568899,2047 2,2137 2,
7240001009175_1000_00,1637568899,1001 4,2137 2,
7240001009175_1000_00,1637568899,2074 1,2137 2,
7240001009175_1000_00,1637568899,2143 2,2032 1,
7240001009175_1000_00,3175988806,1037 4,1013 2,
7240001009175_1000_00,3175988806,1037 4,1014 2,
7240001009175_1000_00,1637568899,2026 2,2140 2,
7240001009175_1000_00,1637568899,2028 2,2138 2,
7240001009175_1000_00,1637568899,2139 1,2050 1,
7240001009175_1000_00,1637568899,2139 1,2030 1,
7240001009175_1000_00,1637568899,2137 1,2049 1,
7240001009175_1000_00,3695385859,1025 4,2023 2,
7240001009175_1000_00,3695385859,1042 2,1007 4,
7240001009175_1000_00,3695385859,1020 4,2033 0,
7240001009175_1000_00,3695385859,1021 4,2036 2,
7240001009175_1000_00,3695385859,1022 4,2035 2,
7240001009175_1000_00,1955103154,6037 2,6058 2,
7240001009175_1000_00,1637568899,1002 8,2139 2,
7240001009175_1000_00,1637568899,2137 1,1002 5,
7240001009175_1000_00,3175988806,1038 2,1006 2,
7240001009175_1000_00,3175988806,1027 2,3014 2,
7240001009175_1000_00,3175988806,1020 2,3018 2,
7240001009175_1000_00,3175988806,1030 2,1001 2,
7240001009175_1000_00,3175988806,1047 2,1001 2,
7240001009175_1000_00,3175988806,1047 2,1002 2,
7240001009175_1000_00,3175988806,1021 2,3017 0,
7240001009175_1000_00,1637568899,2030 2,2137 2,
7240001009175_1000_00,1637568899,2030 2,2139 2,
7240001009175_1000_00,1637568899,2031 2,2142 1,
7240001009175_1000_00,1637568899,2138 1,2047 1,
7240001009175_1000_00,1637568899,2138 1,2046 1,
7240001009175_1000_00,1637568899,2139 1,2047 2,
7240001009175_1000_00,1637568899,2139 1,2074 1,
7240001009175_1000_00,1637568899,2137 1,2050 2,
7240001009175_1000_00,3695385859,1041 3,1008 4,
7240001009175_1000_00,3695385859,1024 4,2025 2,
7240001009175_1000_00,3695385859,1030 4,2030 2,
7240001009175_1000_00,3695385859,1022 4,2033 0,
7240001009175_1000_00,1955103154,6037 2,6050 2,
7240001009175_1000_00,1955103154,6036 2,6058 2,
7240001009175_1000_00,1637568899,2047 1,2138 2,
7240001009175_1000_00,1637568899,2027 2,2140 2,
7240001009175_1000_00,1637568899,2074 2,2139 2,
7240001009175_1000_00,1637568899,2138 1,1001 5,
7240001009175_1000_00,3175988806,1020 2,3020 2,
7240001009175_1000_00,3175988806,1030 2,3015 2,
7240001009175_1000_00,3175988806,1033 2,1005 2,
7240001009175_1000_00,1637568899,2032 2,2143 1,
7240001009175_1000_00,1637568899,2138 1,2050 1,
7240001009175_1000_00,1637568899,2138 1,2049 1,
7240001009175_1000_00,3695385859,1020 4,2035 2,
7240001009175_1000_00,1955103154,6037 2,6048 2,
7240001009175_1000_00,1955103154,6036 2,6048 2,
7240001009175_1000_00,1637568899,2028 2,2139 2,
7240001009175_1000_00,1637568899,1002 8,2137 2,
7240001009175_1000_00,1637568899,1002 4,2139 2,
7240001009175_1000_00,1637568899,2138 1,2030 1,
7240001009175_1000_00,3175988806,1031 2,1004 2,
7240001009175_1000_00,3175988806,1041 3,1007 2,
7240001009175_1000_00,3175988806,1032 2,1004 2,
7240001009175_1000_00,3175988806,1022 2,3018 2,
7240001009175_1000_00,1637568899,2031 2,2143 1,
7240001009175_1000_00,1637568899,2138 1,2047 2,
7240001009175_1000_00,1637568899,2139 1,2047 1,
7240001009175_1000_00,3695385859,1042 2,1008 4,
7240001009175_1000_00,3695385859,1029 4,2026 2,
7240001009175_1000_00,3695385859,1047 4,2029 2,
7240001009175_1000_00,3695385859,1037 4,1013 4,
7240001009175_1000_00,3695385859,1031 4,2999 3,
7240001009175_1000_00,3695385859,1023 4,2024 2,
7240001009175_1000_00,3695385859,1023 4,2025 2,
7240001009175_1000_00,3695385859,1022 4,2034 2,
7240001009175_1000_00,1955103154,6037 2,6056 2,
7240001009175_1000_00,1955103154,6036 2,6056 2,
7240001009175_1000_00,1637568899,2049 2,2137 2,
7240001009175_1000_00,1637568899,2074 2,2138 2,
7240001009175_1000_00,1637568899,2050 2,2139 2,
7240001009175_1000_00,1637568899,2050 2,2137 2,
7240001009175_1000_00,1637568899,2031 2,2143 2,
7240001009175_1000_00,1637568899,2145 1,2032 1,
7240001009175_1000_00,3175988806,1022 2,3022 2,
7240001009175_1000_00,3175988806,1040 2,1008 2,
7240001009175_1000_00,1637568899,2139 1,2074 2,
7240001009175_1000_00,3695385859,1024 4,2023 2,
7240001009175_1000_00,3695385859,1038 2,1006 4,
7240001009175_1000_00,3695385859,1026 4,2023 2,
7240001009175_1000_00,1955103154,6036 2,6050 2,
7240001009175_1000_00,1955103154,6036 2,6052 2,
7240001009175_1000_00,1637568899,2074 1,2139 2,
7240001009175_1000_00,3175988806,1022 2,3016 0,
7240001009175_1000_00,3175988806,1029 2,3014 2,
7240001009175_1000_00,1637568899,2032 2,2145 2,
7240001009175_1000_00,1637568899,2138 1,2050 2,
7240001009175_1000_00,3695385859,1024 4,2024 2,
7240001009175_1000_00,3695385859,1029 4,2028 2,
7240001009175_1000_00,3695385859,1030 4,1002 4,
7240001009175_1000_00,3695385859,1047 4,1001 4,
7240001009175_1000_00,3695385859,1032 4,1004 4,
7240001009175_1000_00,3695385859,1026 4,2024 2,
7240001009175_1000_00,1955103154,6037 2,6046 0,
7240001009175_1000_00,1955103154,6036 2,6047 2,
7240001009175_1000_00,1955103154,6036 2,6054 2,
7240001009175_1000_00,1637568899,2049 2,2139 2,
7240001009175_1000_00,1637568899,2074 2,2137 2,
7240001009175_1000_00,1637568899,2046 1,2137 2,
7240001009175_1000_00,1637568899,2049 1,2138 2,
7240001009175_1000_00,1637568899,2142 2,2032 1,
7240001009175_1000_00,3175988806,1022 2,3019 2,
7240001009175_1000_00,3175988806,1022 2,3020 2,
7240001009175_1000_00,3175988806,1042 2,1007 2,
7240001009175_1000_00,3175988806,1020 2,3017 0,
7240001009175_1000_00,3175988806,1020 2,3021 2,
7240001009175_1000_00,3175988806,1021 2,3018 2,
7240001009175_1000_00,1637568899,2031 2,2145 2,
7240001009175_1000_00,1637568899,2138 1,2049 2,
7240001009175_1000_00,1637568899,2139 1,1002 8,
7240001009175_1000_00,1637568899,2137 1,2074 2,
7240001009175_1000_00,3695385859,1038 2,1005 4,
7240001009175_1000_00,3695385859,1040 2,1008 4,
7240001009175_1000_00,3695385859,1030 4,2029 2,
7240001009175_1000_00,3695385859,1030 4,1001 4,
7240001009175_1000_00,3695385859,1047 4,2030 2,
7240001009175_1000_00,3695385859,1047 4,1002 4,
7240001009175_1000_00,3695385859,1032 4,2999 3,
7240001009175_1000_00,3695385859,1033 2,1006 4,
7240001009175_1000_00,3695385859,1021 4,2035 2,
7240001009175_1000_00,1955103154,6037 2,6051 2,
7240001009175_1000_00,1955103154,6037 2,6057 2,
7240001009175_1000_00,1955103154,6036 2,6046 0,
7240001009175_1000_00,1637568899,2047 1,2139 2,
7240001009175_1000_00,1637568899,2046 1,2139 2,
7240001009175_1000_00,3175988806,1038 2,1005 2,
7240001009175_1000_00,3175988806,1040 2,1007 2,
7240001009175_1000_00,3175988806,1042 2,1008 2,
7240001009175_1000_00,3175988806,1021 2,3022 2,
7240001009175_1020_00,1637568899,2141 1,2027 1,
7240001009175_1020_00,1637568899,2143 1,2026 1,
7240001009175_1020_00,1637568899,2147 1,2031 1,
7240001009175_1020_00,1637568899,2149 1,2031 1,
7240001009175_1020_00,1637568899,2143 2,2026 1,
7240001009175_1020_00,1637568899,2143 1,2027 1,
7240001009175_1020_00,1637568899,2032 2,2146 2,
7240001009175_1020_00,1637568899,2027 2,2143 2,
7240001009175_1020_00,1637568899,2027 2,2145 2,
7240001009175_1020_00,1637568899,2027 2,2143 1,
7240001009175_1020_00,1637568899,2142 1,2026 1,
7240001009175_1020_00,1637568899,2027 2,2142 2,
7240001009175_1020_00,1637568899,2026 2,2144 0,
7240001009175_1020_00,1637568899,2026 2,2142 2,
7240001009175_1020_00,1637568899,2141 1,2026 1,
7240001009175_1020_00,1637568899,2149 1,2032 1,
7240001009175_1020_00,1637568899,2151 1,2019 1,
7240001009175_1020_00,1637568899,2027 2,2141 2,
7240001009175_1020_00,1637568899,2019 2,2151 2,
7240001009175_1020_00,1637568899,2143 2,2027 1,
7240001009175_1020_00,1637568899,2152 1,2021 1,
7240001009175_1020_00,1637568899,2151 1,2020 1,
7240001009175_1020_00,1637568899,2026 2,2141 2,
7240001009175_1020_00,1637568899,2032 2,2147 2,
7240001009175_1020_00,1637568899,2022 2,2153 0,
7240001009175_1020_00,1637568899,2019 2,2152 2,
7240001009175_1020_00,1637568899,2027 2,2144 0,
7240001009175_1020_00,1637568899,2144 1,2027 1,
7240001009175_1020_00,1637568899,2152 1,2019 1,
7240001009175_1020_00,1637568899,2146 1,2032 1,
7240001009175_1020_00,1637568899,2142 2,2027 1,
7240001009175_1020_00,1637568899,2142 1,2027 1,
7240001009175_1020_00,1637568899,2027 2,2144 2,
7240001009175_1020_00,1637568899,2026 2,2143 1,
7240001009175_1020_00,1637568899,2031 2,2150 2,
7240001009175_1020_00,1637568899,2019 2,2153 0,
7240001009175_1020_00,1637568899,2026 2,2143 2,
7240001009175_1020_00,1637568899,2151 1,2021 1,
7240001009175_1020_00,1637568899,2153 1,2022 1,
7240001009175_1020_00,1637568899,2032 2,2148 2,
7240001009175_1020_00,1637568899,2026 2,2142 1,
7240001009175_1020_00,1637568899,2144 1,2026 1,
7240001009175_1020_00,1637568899,2153 1,2021 1,
7240001009175_1020_00,1637568899,2146 1,2031 1,
7240001009175_1020_00,1637568899,2142 2,2026 1,
7240001009175_1020_00,1637568899,2026 2,2145 2,
7240001009175_1020_00,1637568899,2020 2,2152 2,
7240001009175_1020_00,1637568899,2031 2,2149 2,
7240001009175_1020_00,1637568899,2152 1,2022 1,
7240001009175_1020_00,1637568899,2032 2,2149 2,
7240001009175_1020_00,1637568899,2022 2,2152 2,
7240001009175_1020_00,1637568899,2020 2,2151 2,
7240001009175_1020_00,1637568899,2148 1,2032 1,
7240001009175_1020_00,1637568899,2151 1,2022 1,
7240001009175_1020_00,1637568899,2153 1,2019 1,
7240001009175_1020_00,1637568899,2150 1,2032 1,
7240001009175_1020_00,1637568899,2020 2,2153 0,
7240001009175_1020_00,1637568899,2031 2,2147 2,
7240001009175_1020_00,1637568899,2145 1,2027 1,
7240001009175_1020_00,1637568899,2153 1,2020 1,
7240001009175_1020_00,1637568899,2022 2,2151 2,
7240001009175_1020_00,1637568899,2026 2,2144 2,
7240001009175_1020_00,1637568899,2031 2,2148 2,
7240001009175_1020_00,1637568899,2145 1,2026 1,
7240001009175_1020_00,1637568899,2152 1,2020 1,
7240001009175_1020_00,1637568899,2150 1,2031 1,
7240001009175_1020_00,1637568899,2032 2,2150 2,
7240001009175_1020_00,1637568899,2031 2,2146 2,
7240001009175_1020_00,1637568899,2147 1,2032 1,
7240001009175_1020_00,1637568899,2148 1,2031 1,
7240001009175_1020_00,1637568899,2027 2,2142 1,
7240001009175_1030_00,1637568899,2140 1,2050 1,
7240001009175_1030_00,1637568899,2137 1,2999 0,
7240001009175_1030_00,1637568899,2047 1,2140 2,
7240001009175_1030_00,1637568899,2030 2,2140 2,
7240001009175_1030_00,1637568899,2999 4,2138 2,
7240001009175_1030_00,1637568899,2049 1,2140 2,
7240001009175_1030_00,1637568899,1001 4,2140 2,
7240001009175_1030_00,1637568899,2140 1,2050 2,
7240001009175_1030_00,1637568899,2140 1,2046 1,
7240001009175_1030_00,1637568899,2140 1,1001 5,
7240001009175_1030_00,1637568899,2140 1,2029 1,
7240001009175_1030_00,1637568899,2139 1,2999 0,
7240001009175_1030_00,1637568899,1002 4,2140 2,
7240001009175_1030_00,1637568899,2029 2,2140 2,
7240001009175_1030_00,1637568899,2999 4,2139 2,
7240001009175_1030_00,1637568899,2999 4,2137 2,
7240001009175_1030_00,1637568899,2046 1,2140 2,
7240001009175_1030_00,1637568899,2028 2,2140 2,
7240001009175_1030_00,1637568899,2140 1,2074 2,
7240001009175_1030_00,1637568899,1002 8,2140 2,
7240001009175_1030_00,1637568899,2074 1,2140 2,
7240001009175_1030_00,1637568899,2140 1,2028 1,
7240001009175_1030_00,1637568899,2140 1,2030 1,
7240001009175_1030_00,1637568899,2140 1,2049 2,
7240001009175_1030_00,1637568899,2050 1,2140 2,
7240001009175_1030_00,1637568899,2138 1,2999 0,
7240001009175_1030_00,1637568899,2049 2,2140 2,
7240001009175_1030_00,1637568899,2140 1,2049 1,
7240001009175_1030_00,1637568899,2050 2,2140 2,
7240001009175_1030_00,1637568899,2140 1,1002 5,
7240001009175_1030_00,1637568899,2140 1,2047 1,
7240001009175_1030_00,1637568899,2140 1,2047 2,
7240001009175_1030_00,1637568899,2074 2,2140 2,
7240001009175_1030_00,1637568899,2140 1,1002 8,
7240001009175_1030_00,1637568899,2140 1,2074 1,
7240001009175_1030_00,1637568899,2047 2,2140 2,
7240001009175_1040_00,1955103154,1041 4,6015 2,
7240001009175_1040_00,1955103154,1042 5,6059 2,
7240001009175_1040_00,1637568899,2149 1,2026 1,
7240001009175_1040_00,3175988806,1041 3,1006 2,
7240001009175_1040_00,3175988806,1023 2,3023 2,
7240001009175_1040_00,3175988806,1047 2,3014 2,
7240001009175_1040_00,1637568899,2026 2,2150 2,
7240001009175_1040_00,3695385859,1041 3,1005 4,
7240001009175_1040_00,1637568899,2148 1,2027 1,
7240001009175_1040_00,1637568899,2146 1,2027 1,
7240001009175_1040_00,3175988806,1040 2,1006 2,
7240001009175_1040_00,1637568899,2026 2,2148 2,
7240001009175_1040_00,3695385859,1042 2,1006 4,
7240001009175_1040_00,1955103154,1034 8,6015 2,
7240001009175_1040_00,1637568899,2147 1,2027 1,
7240001009175_1040_00,1637568899,2148 1,2026 1,
7240001009175_1040_00,3175988806,1042 2,1006 2,
7240001009175_1040_00,3695385859,1041 3,1006 4,
7240001009175_1040_00,3695385859,1042 2,1005 4,
7240001009175_1040_00,1955103154,1034 8,6016 2,
7240001009175_1040_00,1955103154,1037 6,6016 2,
7240001009175_1040_00,1955103154,1037 6,6015 2,
7240001009175_1040_00,1637568899,2150 1,2027 1,
7240001009175_1040_00,3175988806,1041 3,1005 2,
7240001009175_1040_00,3175988806,1027 2,3013 2,
7240001009175_1040_00,3175988806,1030 2,3014 2,
7240001009175_1040_00,1637568899,2027 2,2150 2,
7240001009175_1040_00,1637568899,2027 2,2149 2,
7240001009175_1040_00,3695385859,1028 4,2025 2,
7240001009175_1040_00,3695385859,1027 4,2025 2,
7240001009175_1040_00,1955103154,1041 4,6059 2,
7240001009175_1040_00,3175988806,1026 2,3024 2,
7240001009175_1040_00,3175988806,1023 2,3024 2,
7240001009175_1040_00,3175988806,1025 2,3024 2,
7240001009175_1040_00,3695385859,1027 4,2024 2,
7240001009175_1040_00,1955103154,1041 4,6016 2,
7240001009175_1040_00,1637568899,2147 1,2026 1,
7240001009175_1040_00,1637568899,2150 1,2026 1,
7240001009175_1040_00,3175988806,1037 4,1009 2,
7240001009175_1040_00,3175988806,1028 2,3013 2,
7240001009175_1040_00,3175988806,1024 2,3024 2,
7240001009175_1040_00,1637568899,2027 2,2148 2,
7240001009175_1040_00,3695385859,1040 2,1006 4,
7240001009175_1040_00,1637568899,2149 1,2027 1,
7240001009175_1040_00,3175988806,1026 2,3023 2,
7240001009175_1040_00,3175988806,1040 2,1005 2,
7240001009175_1040_00,3175988806,1028 2,3012 2,
7240001009175_1040_00,1637568899,2026 2,2147 2,
7240001009175_1040_00,1637568899,2026 2,2146 2,
7240001009175_1040_00,3175988806,1042 2,1005 2,
7240001009175_1040_00,3175988806,1024 2,3023 2,
7240001009175_1040_00,1637568899,2027 2,2146 2,
7240001009175_1040_00,3695385859,1040 2,1005 4,
7240001009175_1040_00,3695385859,1028 4,2024 2,
7240001009175_1040_00,3175988806,1027 2,3012 2,
7240001009175_1040_00,3175988806,1027 2,3010 2,
7240001009175_1040_00,3175988806,1025 2,3023 2,
7240001009175_1040_00,1637568899,2026 2,2149 2,
7240001009175_1040_00,3695385859,1028 4,2023 2,
7240001009175_1040_00,3695385859,1027 4,2023 2,
7240001009175_1040_00,1955103154,1037 6,6059 2,
7240001009175_1040_00,1955103154,1042 5,6016 2,
7240001009175_1040_00,1955103154,1042 5,6015 2,
7240001009175_1040_00,3175988806,1027 2,3011 2,
7240001009175_1040_00,3175988806,1037 4,1010 2,
7240001009175_1040_00,3175988806,1028 2,3010 2,
7240001009175_1040_00,1955103154,1034 8,6059 2,
7240001009175_1040_00,1637568899,2146 1,2026 1,
7240001009175_1040_00,3175988806,1028 2,3011 2,
7240001009175_1040_00,1637568899,2027 2,2147 2,
7240001009175_1040_00,3695385859,1037 4,1010 4,
7240001009175_1040_00,3695385859,1037 4,1009 4,
7240001009175_1060_00,1637568899,2999 4,2140 2,
7240001009175_1060_00,1955103154,6038 2,6053 2,
7240001009175_1060_00,1955103154,6088 2,6058 2,
7240001009175_1060_00,3175988806,1026 2,3019 2,
7240001009175_1060_00,3175988806,1026 2,3021 2,
7240001009175_1060_00,3175988806,1026 2,3016 0,
7240001009175_1060_00,1955103154,6038 2,6055 2,
7240001009175_1060_00,1955103154,6088 2,6046 0,
7240001009175_1060_00,1637568899,2153 1,2032 1,
7240001009175_1060_00,3175988806,1023 2,3020 2,
7240001009175_1060_00,3175988806,1025 2,3017 0,
7240001009175_1060_00,3175988806,1025 2,3020 2,
7240001009175_1060_00,3175988806,1024 2,3022 2,
7240001009175_1060_00,3175988806,1024 2,3016 0,
7240001009175_1060_00,1637568899,2032 2,2153 0,
7240001009175_1060_00,1955103154,6038 2,6056 2,
7240001009175_1060_00,1955103154,6088 2,6050 2,
7240001009175_1060_00,3175988806,1024 2,3021 2,
7240001009175_1060_00,1637568899,2031 2,2153 0,
7240001009175_1060_00,1955103154,6038 2,6048 2,
7240001009175_1060_00,1955103154,6038 2,6057 2,
7240001009175_1060_00,1637568899,2152 1,2032 1,
7240001009175_1060_00,1637568899,2151 1,2032 1,
7240001009175_1060_00,3175988806,1026 2,3020 2,
7240001009175_1060_00,1955103154,6038 2,6054 2,
7240001009175_1060_00,1955103154,6088 2,6053 2,
7240001009175_1060_00,1637568899,2140 1,2999 0,
7240001009175_1060_00,1637568899,2153 1,2031 1,
7240001009175_1060_00,3175988806,1026 2,3022 2,
7240001009175_1060_00,1955103154,6038 2,6047 2,
7240001009175_1060_00,1955103154,6088 2,6051 2,
7240001009175_1060_00,1955103154,6088 2,6055 2,
7240001009175_1060_00,1955103154,6088 2,6057 2,
7240001009175_1060_00,3175988806,1026 2,3018 2,
7240001009175_1060_00,3175988806,1023 2,3017 0,
7240001009175_1060_00,3175988806,1023 2,3019 2,
7240001009175_1060_00,3175988806,1025 2,3019 2,
7240001009175_1060_00,3175988806,1024 2,3017 0,
7240001009175_1060_00,3175988806,1024 2,3020 2,
7240001009175_1060_00,1637568899,2032 2,2152 2,
7240001009175_1060_00,1637568899,2031 2,2151 2,
7240001009175_1060_00,1955103154,6038 2,6046 0,
7240001009175_1060_00,1637568899,2152 1,2031 1,
7240001009175_1060_00,1637568899,2151 1,2031 1,
7240001009175_1060_00,3175988806,1025 2,3018 2,
7240001009175_1060_00,3175988806,1025 2,3022 2,
7240001009175_1060_00,1955103154,6038 2,6050 2,
7240001009175_1060_00,1955103154,6088 2,6056 2,
7240001009175_1060_00,1955103154,6088 2,6047 2,
7240001009175_1060_00,1637568899,2032 2,2151 2,
7240001009175_1060_00,1637568899,2031 2,2152 2,
7240001009175_1060_00,1955103154,6088 2,6048 2,
7240001009175_1060_00,1955103154,6088 2,6054 2,
7240001009175_1060_00,3175988806,1026 2,3017 0,
7240001009175_1060_00,3175988806,1024 2,3018 2,
7240001009175_1060_00,1955103154,6038 2,6051 2,
7240001009175_1060_00,1955103154,6038 2,6058 2,
7240001009175_1060_00,1955103154,6088 2,6052 2,
7240001009175_1060_00,3175988806,1023 2,3021 2,
7240001009175_1060_00,3175988806,1023 2,3016 0,
7240001009175_1060_00,3175988806,1025 2,3021 2,
7240001009175_1060_00,3175988806,1025 2,3016 0,
7240001009175_1060_00,3175988806,1024 2,3019 2,
7240001009175_1060_00,1955103154,6038 2,6052 2,
7240001009175_1060_00,3175988806,1023 2,3018 2,
7240001009175_1060_00,3175988806,1023 2,3022 2,
7240001009175_1070_00,1637568899,2141 1,2050 1,
7240001009175_1070_00,1637568899,2141 1,2049 2,
7240001009175_1070_00,1637568899,2142 1,1002 8,
7240001009175_1070_00,1637568899,2144 1,2028 1,
7240001009175_1070_00,1637568899,2144 1,2047 1,
7240001009175_1070_00,1637568899,2144 1,2030 1,
7240001009175_1070_00,1637568899,2144 1,2046 1,
7240001009175_1070_00,1637568899,2143 1,2047 1,
7240001009175_1070_00,1637568899,2143 1,2049 1,
7240001009175_1070_00,1637568899,2050 1,2142 2,
7240001009175_1070_00,1637568899,2049 1,2141 2,
7240001009175_1070_00,1637568899,1001 4,2143 2,
7240001009175_1070_00,1637568899,2141 1,2030 1,
7240001009175_1070_00,1637568899,2142 2,1002 5,
7240001009175_1070_00,1637568899,2142 1,2030 1,
7240001009175_1070_00,1637568899,2144 1,1001 5,
7240001009175_1070_00,1637568899,2029 2,2143 2,
7240001009175_1070_00,1637568899,1001 4,2142 2,
7240001009175_1070_00,1637568899,2030 2,2143 1,
7240001009175_1070_00,1637568899,1002 4,2143 2,
7240001009175_1070_00,1637568899,1002 4,2143 1,
7240001009175_1070_00,1637568899,2029 2,2142 1,
7240001009175_1070_00,1637568899,2141 1,2074 2,
7240001009175_1070_00,1637568899,2141 1,2049 1,
7240001009175_1070_00,1637568899,2142 1,2074 1,
7240001009175_1070_00,1637568899,2144 1,2049 1,
7240001009175_1070_00,1637568899,2143 1,2028 1,
7240001009175_1070_00,1637568899,2143 1,2047 2,
7240001009175_1070_00,1637568899,2030 2,2142 2,
7240001009175_1070_00,1637568899,1002 8,2141 2,
7240001009175_1070_00,1637568899,1002 8,2142 2,
7240001009175_1070_00,1637568899,2047 2,2144 0,
7240001009175_1070_00,1637568899,2074 1,2144 0,
7240001009175_1070_00,1637568899,2143 2,2028 1,
7240001009175_1070_00,1637568899,2142 1,1002 5,
7240001009175_1070_00,1637568899,2142 2,2028 1,
7240001009175_1070_00,1637568899,2141 1,2029 1,
7240001009175_1070_00,1637568899,2144 1,1002 5,
7240001009175_1070_00,1637568899,2143 1,1002 5,
7240001009175_1070_00,1637568899,2030 2,2141 2,
7240001009175_1070_00,1637568899,2028 2,2144 2,
7240001009175_1070_00,1637568899,1002 4,2145 2,
7240001009175_1070_00,1637568899,1002 4,2141 2,
7240001009175_1070_00,1637568899,2029 2,2143 1,
7240001009175_1070_00,1637568899,2141 1,1002 5,
7240001009175_1070_00,1637568899,2141 1,1002 8,
7240001009175_1070_00,1637568899,2141 1,2074 1,
7240001009175_1070_00,1637568899,2143 1,2030 1,
7240001009175_1070_00,1637568899,2143 1,1002 8,
7240001009175_1070_00,1637568899,2047 1,2141 2,
7240001009175_1070_00,1637568899,2030 2,2143 2,
7240001009175_1070_00,1637568899,2074 2,2143 2,
7240001009175_1070_00,1637568899,2050 2,2144 0,
7240001009175_1070_00,1637568899,2046 1,2143 2,
7240001009175_1070_00,1637568899,2049 1,2142 2,
7240001009175_1070_00,1637568899,2028 2,2143 2,
7240001009175_1070_00,1637568899,2029 2,2144 0,
7240001009175_1070_00,1637568899,2028 2,2142 1,
7240001009175_1070_00,1637568899,1001 4,2143 1,
7240001009175_1070_00,1637568899,2141 1,2028 1,
7240001009175_1070_00,1637568899,2143 1,2074 1,
7240001009175_1070_00,1637568899,2143 1,2029 1,
7240001009175_1070_00,1637568899,2047 2,2141 2,
7240001009175_1070_00,1637568899,2046 1,2142 2,
7240001009175_1070_00,1637568899,2142 2,2030 1,
7240001009175_1070_00,1637568899,2030 2,2144 2,
7240001009175_1070_00,1637568899,2029 2,2145 2,
7240001009175_1070_00,1637568899,1001 4,2142 1,
7240001009175_1070_00,1637568899,1001 4,2141 2,
7240001009175_1070_00,1637568899,2049 2,2142 2,
7240001009175_1070_00,1637568899,2028 2,2141 2,
7240001009175_1070_00,1637568899,2074 2,2142 2,
7240001009175_1070_00,1637568899,2074 1,2142 2,
7240001009175_1070_00,1637568899,2142 1,2028 1,
7240001009175_1070_00,1637568899,2144 1,2029 1,
7240001009175_1070_00,1637568899,2143 1,1001 5,
7240001009175_1070_00,1637568899,2028 2,2143 1,
7240001009175_1070_00,1637568899,1002 4,2142 2,
7240001009175_1070_00,1637568899,2029 2,2144 2,
7240001009175_1070_00,1637568899,2029 2,2141 2,
7240001009175_1070_00,1637568899,2142 1,1001 5,
7240001009175_1070_00,1637568899,2144 1,2047 2,
7240001009175_1070_00,1637568899,2143 1,2050 1,
7240001009175_1070_00,1637568899,1001 4,2144 0,
7240001009175_1070_00,1637568899,2141 1,1001 5,
7240001009175_1070_00,1637568899,2143 2,1001 5,
7240001009175_1070_00,1637568899,2142 2,1001 5,
7240001009175_1070_00,1637568899,2142 2,2029 1,
7240001009175_1070_00,1637568899,2028 2,2145 2,
7240001009175_1070_00,1637568899,1002 4,2144 2,
7240001009175_1070_00,1637568899,2029 2,2142 2,
7240001009175_1070_00,1637568899,2141 1,2047 1,
7240001009175_1070_00,1637568899,2141 1,2047 2,
7240001009175_1070_00,1637568899,2141 1,2046 1,
7240001009175_1070_00,1637568899,2142 1,2050 1,
7240001009175_1070_00,1637568899,2142 1,2047 1,
7240001009175_1070_00,1637568899,2144 1,2050 2,
7240001009175_1070_00,1637568899,2144 1,1002 8,
7240001009175_1070_00,1637568899,2144 1,2074 1,
7240001009175_1070_00,1637568899,2143 1,2074 2,
7240001009175_1070_00,1637568899,2050 1,2143 2,
7240001009175_1070_00,1637568899,2047 1,2143 2,
7240001009175_1070_00,1637568899,2143 2,2029 1,
7240001009175_1070_00,1637568899,2030 2,2142 1,
7240001009175_1070_00,1637568899,1002 4,2142 1,
7240001009175_1070_00,1637568899,1001 4,2144 2,
7240001009175_1070_00,1637568899,2142 1,2049 2,
7240001009175_1070_00,1637568899,2142 1,2074 2,
7240001009175_1070_00,1637568899,2142 1,2046 1,
7240001009175_1070_00,1637568899,2143 1,2049 2,
7240001009175_1070_00,1637568899,2143 1,2050 2,
7240001009175_1070_00,1637568899,2143 1,2046 1,
7240001009175_1070_00,1637568899,2047 1,2142 2,
7240001009175_1070_00,1637568899,2074 2,2144 0,
7240001009175_1070_00,1637568899,2047 2,2142 2,
7240001009175_1070_00,1637568899,2046 1,2144 0,
7240001009175_1070_00,1637568899,2046 1,2141 2,
7240001009175_1070_00,1637568899,2143 2,2030 1,
7240001009175_1070_00,1637568899,2145 1,2028 1,
7240001009175_1070_00,1637568899,2028 2,2144 0,
7240001009175_1070_00,1637568899,2141 1,2050 2,
7240001009175_1070_00,1637568899,2142 1,2047 2,
7240001009175_1070_00,1637568899,2050 1,2141 2,
7240001009175_1070_00,1637568899,2049 2,2141 2,
7240001009175_1070_00,1637568899,2050 2,2142 2,
7240001009175_1070_00,1637568899,1002 8,2143 2,
7240001009175_1070_00,1637568899,1002 8,2144 0,
7240001009175_1070_00,1637568899,2047 2,2143 2,
7240001009175_1070_00,1637568899,2145 1,2030 1,
7240001009175_1070_00,1637568899,2028 2,2142 2,
7240001009175_1070_00,1637568899,2142 1,2029 1,
7240001009175_1070_00,1637568899,2144 1,2074 2,
7240001009175_1070_00,1637568899,1002 4,2144 0,
7240001009175_1070_00,1637568899,2074 1,2143 2,
7240001009175_1070_00,1637568899,2074 1,2141 2,
7240001009175_1070_00,1637568899,1001 4,2145 2,
7240001009175_1070_00,1637568899,2142 1,2050 2,
7240001009175_1070_00,1637568899,2144 1,2049 2,
7240001009175_1070_00,1637568899,2047 1,2144 0,
7240001009175_1070_00,1637568899,2030 2,2144 0,
7240001009175_1070_00,1637568899,2049 2,2143 2,
7240001009175_1070_00,1637568899,2074 2,2141 2,
7240001009175_1070_00,1637568899,2050 2,2143 2,
7240001009175_1070_00,1637568899,2050 2,2141 2,
7240001009175_1070_00,1637568899,2145 1,1001 5,
7240001009175_1070_00,1637568899,2145 1,2029 1,
7240001009175_1070_00,1637568899,2030 2,2145 2,
7240001009175_1070_00,1637568899,2142 1,2049 1,
7240001009175_1070_00,1637568899,2144 1,2050 1,
7240001009175_1070_00,1637568899,2050 1,2144 0,
7240001009175_1070_00,1637568899,2049 2,2144 0,
7240001009175_1070_00,1637568899,2049 1,2143 2,
7240001009175_1070_00,1637568899,2049 1,2144 0,
7240001009175_1070_00,1637568899,2143 2,1002 5,
7240001009175_1070_00,1637568899,2145 1,1002 5,
7240001009175_1080_00,3695385859,1024 4,2033 0,
7240001009175_1080_00,3695385859,1028 4,2022 2,
7240001009175_1080_00,3695385859,1023 4,2033 0,
7240001009175_1080_00,1637568899,2999 4,2143 2,
7240001009175_1080_00,1637568899,2999 4,2144 0,
7240001009175_1080_00,1637568899,2141 1,2999 0,
7240001009175_1080_00,3175988806,1041 3,1004 2,
7240001009175_1080_00,3175988806,1041 3,2999 1,
7240001009175_1080_00,3175988806,1040 2,1004 2,
7240001009175_1080_00,3175988806,1040 2,2999 1,
7240001009175_1080_00,3175988806,1033 2,1001 2,
7240001009175_1080_00,3175988806,1033 2,3015 2,
7240001009175_1080_00,3695385859,1040 2,1004 4,
7240001009175_1080_00,3695385859,1025 4,2033 0,
7240001009175_1080_00,3695385859,1025 4,2036 2,
7240001009175_1080_00,3695385859,1047 4,2027 2,
7240001009175_1080_00,3695385859,1047 4,2026 2,
7240001009175_1080_00,3695385859,1026 4,2022 2,
7240001009175_1080_00,3695385859,1026 4,2034 2,
7240001009175_1080_00,3695385859,1033 2,2029 2,
7240001009175_1080_00,3695385859,1023 4,2020 4,
7240001009175_1080_00,3175988806,1038 2,2999 1,
7240001009175_1080_00,3175988806,1042 2,1004 2,
7240001009175_1080_00,3175988806,1042 2,2999 1,
7240001009175_1080_00,1637568899,2999 4,2142 2,
7240001009175_1080_00,3695385859,1024 4,2035 2,
7240001009175_1080_00,3695385859,1038 2,2029 2,
7240001009175_1080_00,3695385859,1025 4,2035 2,
7240001009175_1080_00,3695385859,1027 4,2022 2,
7240001009175_1080_00,3695385859,1031 4,1002 4,
7240001009175_1080_00,3175988806,1032 2,1001 2,
7240001009175_1080_00,3175988806,1032 2,1002 2,
7240001009175_1080_00,3175988806,1027 2,3023 2,
7240001009175_1080_00,3175988806,1033 2,2999 1,
7240001009175_1080_00,3175988806,1029 2,3011 2,
7240001009175_1080_00,1637568899,2142 1,2999 0,
7240001009175_1080_00,3695385859,1038 2,2999 3,
7240001009175_1080_00,3695385859,1040 2,2999 3,
7240001009175_1080_00,3695385859,1030 4,2028 2,
7240001009175_1080_00,3695385859,1027 4,2020 4,
7240001009175_1080_00,3695385859,1032 4,1002 4,
7240001009175_1080_00,3695385859,1033 2,2999 3,
7240001009175_1080_00,3695385859,1023 4,2034 2,
7240001009175_1080_00,3695385859,1023 4,2035 2,
7240001009175_1080_00,1637568899,2144 1,2999 0,
7240001009175_1080_00,1637568899,2143 1,2999 0,
7240001009175_1080_00,3175988806,1029 2,3012 2,
7240001009175_1080_00,3175988806,1028 2,3023 2,
7240001009175_1080_00,3175988806,1028 2,3024 2,
7240001009175_1080_00,3695385859,1041 3,2999 3,
7240001009175_1080_00,3695385859,1024 4,2034 2,
7240001009175_1080_00,3695385859,1029 4,2024 2,
7240001009175_1080_00,3695385859,1047 4,2028 2,
7240001009175_1080_00,3695385859,1032 4,1001 4,
7240001009175_1080_00,3695385859,1033 2,1004 4,
7240001009175_1080_00,3695385859,1023 4,2022 2,
7240001009175_1080_00,1637568899,2145 1,2999 0,
7240001009175_1080_00,3175988806,1031 2,1001 2,
7240001009175_1080_00,3175988806,1029 2,3013 2,
7240001009175_1080_00,3695385859,1041 3,1004 4,
7240001009175_1080_00,3695385859,1038 2,1001 4,
7240001009175_1080_00,3695385859,1025 4,2022 2,
7240001009175_1080_00,3695385859,1025 4,2034 2,
7240001009175_1080_00,3695385859,1032 4,2029 2,
7240001009175_1080_00,3695385859,1026 4,2020 4,
7240001009175_1080_00,3695385859,1031 4,2030 2,
7240001009175_1080_00,3175988806,1031 2,3014 2,
7240001009175_1080_00,3175988806,1031 2,3015 2,
7240001009175_1080_00,3175988806,1038 2,1004 2,
7240001009175_1080_00,3175988806,1027 2,3024 2,
7240001009175_1080_00,3175988806,1029 2,3010 2,
7240001009175_1080_00,1637568899,2999 4,2142 1,
7240001009175_1080_00,1637568899,2999 4,2141 2,
7240001009175_1080_00,3695385859,1031 4,2029 2,
7240001009175_1080_00,3695385859,1023 4,2036 2,
7240001009175_1080_00,1637568899,2143 2,2999 0,
7240001009175_1080_00,1637568899,2999 4,2143 1,
7240001009175_1080_00,3695385859,1038 2,1002 4,
7240001009175_1080_00,3695385859,1026 4,2036 2,
7240001009175_1080_00,3175988806,1033 2,1002 2,
7240001009175_1080_00,3695385859,1024 4,2020 4,
7240001009175_1080_00,3695385859,1038 2,2030 2,
7240001009175_1080_00,3695385859,1025 4,2020 4,
7240001009175_1080_00,3695385859,1042 2,1004 4,
7240001009175_1080_00,3695385859,1042 2,2999 3,
7240001009175_1080_00,3695385859,1026 4,2033 0,
7240001009175_1080_00,3695385859,1026 4,2035 2,
7240001009175_1080_00,3695385859,1031 4,1001 4,
7240001009175_1080_00,3695385859,1033 2,1001 4,
7240001009175_1080_00,3175988806,1038 2,1001 2,
7240001009175_1080_00,3175988806,1032 2,3015 2,
7240001009175_1080_00,1637568899,2999 4,2144 2,
7240001009175_1080_00,3695385859,1029 4,2025 2,
7240001009175_1080_00,3695385859,1033 2,2030 2,
7240001009175_1080_00,3695385859,1033 2,1002 4,
7240001009175_1080_00,3175988806,1031 2,1002 2,
7240001009175_1080_00,3175988806,1038 2,3015 2,
7240001009175_1080_00,3175988806,1032 2,3014 2,
7240001009175_1080_00,3695385859,1030 4,2026 2,
7240001009175_1080_00,3175988806,1038 2,1002 2,
7240001009175_1080_00,3175988806,1033 2,1004 2,
7240001009175_1080_00,3695385859,1024 4,2022 2,
7240001009175_1080_00,3695385859,1024 4,2036 2,
7240001009175_1080_00,3695385859,1038 2,1004 4,
7240001009175_1080_00,3695385859,1029 4,2023 2,
7240001009175_1080_00,3695385859,1028 4,2020 4,
7240001009175_1080_00,3695385859,1030 4,2027 2,
7240001009175_1080_00,3695385859,1032 4,2030 2,
7240001009175_1080_00,1637568899,2142 2,2999 0,
7240001009175_1080_00,1637568899,2999 4,2145 2,
7240001009175_1090_00,1637568899,2148 1,1002 5,
7240001009175_1090_00,1637568899,2150 1,1002 5,
7240001009175_1090_00,1637568899,2028 2,2147 2,
7240001009175_1090_00,1637568899,1002 4,2147 2,
7240001009175_1090_00,1637568899,1002 4,2146 2,
7240001009175_1090_00,1637568899,2029 2,2148 2,
7240001009175_1090_00,1637568899,2029 2,2150 2,
7240001009175_1090_00,1637568899,1001 4,2150 2,
7240001009175_1090_00,1637568899,2147 1,2028 1,
7240001009175_1090_00,1637568899,2149 1,1002 5,
7240001009175_1090_00,1637568899,2150 1,2028 1,
7240001009175_1090_00,1637568899,2030 2,2148 2,
7240001009175_1090_00,1637568899,1002 4,2148 2,
7240001009175_1090_00,1637568899,2147 1,2030 1,
7240001009175_1090_00,1637568899,2149 1,1001 5,
7240001009175_1090_00,1637568899,2149 1,2028 1,
7240001009175_1090_00,1637568899,2148 1,2028 1,
7240001009175_1090_00,1637568899,2146 1,2029 1,
7240001009175_1090_00,1637568899,2030 2,2150 2,
7240001009175_1090_00,1637568899,2026 2,2151 2,
7240001009175_1090_00,1637568899,2029 2,2147 2,
7240001009175_1090_00,1637568899,2147 1,1002 5,
7240001009175_1090_00,1637568899,2148 1,2030 1,
7240001009175_1090_00,1637568899,2153 1,2027 1,
7240001009175_1090_00,1637568899,2150 1,2030 1,
7240001009175_1090_00,1637568899,2026 2,2152 2,
7240001009175_1090_00,1637568899,2028 2,2149 2,
7240001009175_1090_00,1637568899,2029 2,2146 2,
7240001009175_1090_00,1637568899,2152 1,2027 1,
7240001009175_1090_00,1637568899,2026 2,2153 0,
7240001009175_1090_00,1637568899,2028 2,2146 2,
7240001009175_1090_00,1637568899,2147 1,2029 1,
7240001009175_1090_00,1637568899,2146 1,1002 5,
7240001009175_1090_00,1637568899,2150 1,1001 5,
7240001009175_1090_00,1637568899,2150 1,2029 1,
7240001009175_1090_00,1637568899,1001 4,2149 2,
7240001009175_1090_00,1637568899,2149 1,2029 1,
7240001009175_1090_00,1637568899,2151 1,2026 1,
7240001009175_1090_00,1637568899,2030 2,2149 2,
7240001009175_1090_00,1637568899,1002 4,2150 2,
7240001009175_1090_00,1637568899,1002 4,2149 2,
7240001009175_1090_00,1637568899,1001 4,2148 2,
7240001009175_1090_00,1637568899,1001 4,2146 2,
7240001009175_1090_00,1637568899,2148 1,1001 5,
7240001009175_1090_00,1637568899,2148 1,2029 1,
7240001009175_1090_00,1637568899,2146 1,2028 1,
7240001009175_1090_00,1637568899,2151 1,2027 1,
7240001009175_1090_00,1637568899,2153 1,2026 1,
7240001009175_1090_00,1637568899,2146 1,2030 1,
7240001009175_1090_00,1637568899,2147 1,1001 5,
7240001009175_1090_00,1637568899,2149 1,2030 1,
7240001009175_1090_00,1637568899,2028 2,2148 2,
7240001009175_1090_00,1637568899,2146 1,1001 5,
7240001009175_1090_00,1637568899,2027 2,2153 0,
7240001009175_1090_00,1637568899,2027 2,2151 2,
7240001009175_1090_00,1637568899,2027 2,2152 2,
7240001009175_1090_00,1637568899,2030 2,2146 2,
7240001009175_1090_00,1637568899,2029 2,2149 2,
7240001009175_1090_00,1637568899,2152 1,2026 1,
7240001009175_1090_00,1637568899,2030 2,2147 2,
7240001009175_1090_00,1637568899,2028 2,2150 2,
7240001009175_1090_00,1637568899,1001 4,2147 2,
7240001009175_1100_00,1955103154,1034 8,6048 2,
7240001009175_1100_00,1955103154,1034 8,6055 2,
7240001009175_1100_00,1955103154,1034 8,6057 2,
7240001009175_1100_00,1955103154,1037 6,6050 2,
7240001009175_1100_00,1955103154,1037 6,6054 2,
7240001009175_1100_00,1955103154,1042 5,6051 2,
7240001009175_1100_00,1955103154,1034 8,6058 2,
7240001009175_1100_00,1955103154,1037 6,6052 2,
7240001009175_1100_00,1637568899,2148 1,2999 0,
7240001009175_1100_00,3175988806,1030 2,3010 2,
7240001009175_1100_00,1955103154,1034 8,6046 0,
7240001009175_1100_00,1955103154,1041 4,6055 2,
7240001009175_1100_00,1955103154,1042 5,6047 2,
7240001009175_1100_00,3175988806,1030 2,3011 2,
7240001009175_1100_00,1955103154,1037 6,6058 2,
7240001009175_1100_00,1955103154,1037 6,6047 2,
7240001009175_1100_00,1955103154,1041 4,6057 2,
7240001009175_1100_00,1955103154,1042 5,6054 2,
7240001009175_1100_00,1637568899,2149 1,2999 0,
7240001009175_1100_00,3175988806,1037 4,1008 2,
7240001009175_1100_00,3175988806,1030 2,3012 2,
7240001009175_1100_00,1637568899,2999 4,2146 2,
7240001009175_1100_00,1955103154,1034 8,6054 2,
7240001009175_1100_00,1955103154,1037 6,6046 0,
7240001009175_1100_00,1637568899,2146 1,2999 0,
7240001009175_1100_00,1637568899,2999 4,2147 2,
7240001009175_1100_00,1955103154,1034 8,6051 2,
7240001009175_1100_00,1955103154,1037 6,6051 2,
7240001009175_1100_00,1955103154,1037 6,6048 2,
7240001009175_1100_00,1955103154,1037 6,6055 2,
7240001009175_1100_00,1955103154,1041 4,6056 2,
7240001009175_1100_00,1955103154,1041 4,6053 2,
7240001009175_1100_00,1955103154,1042 5,6048 2,
7240001009175_1100_00,1955103154,1042 5,6052 2,
7240001009175_1100_00,3175988806,1037 4,1007 2,
7240001009175_1100_00,3175988806,1030 2,3013 2,
7240001009175_1100_00,3175988806,1047 2,3011 2,
7240001009175_1100_00,1955103154,1041 4,6051 2,
7240001009175_1100_00,1955103154,1041 4,6047 2,
7240001009175_1100_00,1955103154,1042 5,6056 2,
7240001009175_1100_00,1955103154,1042 5,6055 2,
7240001009175_1100_00,1637568899,2147 1,2999 0,
7240001009175_1100_00,3175988806,1047 2,3012 2,
7240001009175_1100_00,1955103154,1034 8,6047 2,
7240001009175_1100_00,1955103154,1041 4,6050 2,
7240001009175_1100_00,3175988806,1047 2,3010 2,
7240001009175_1100_00,3695385859,1037 4,1008 4,
7240001009175_1100_00,3695385859,1037 4,1007 4,
7240001009175_1100_00,1955103154,1034 8,6052 2,
7240001009175_1100_00,1955103154,1037 6,6057 2,
7240001009175_1100_00,1955103154,1042 5,6058 2,
7240001009175_1100_00,1637568899,2999 4,2150 2,
7240001009175_1100_00,1955103154,1034 8,6056 2,
7240001009175_1100_00,1955103154,1041 4,6058 2,
7240001009175_1100_00,1955103154,1041 4,6048 2,
7240001009175_1100_00,1955103154,1041 4,6054 2,
7240001009175_1100_00,1955103154,1042 5,6050 2,
7240001009175_1100_00,1955103154,1042 5,6053 2,
7240001009175_1100_00,1637568899,2999 4,2149 2,
7240001009175_1100_00,1955103154,1034 8,6050 2,
7240001009175_1100_00,1955103154,1034 8,6053 2,
7240001009175_1100_00,1955103154,1041 4,6046 0,
7240001009175_1100_00,1955103154,1041 4,6052 2,
7240001009175_1100_00,1955103154,1042 5,6046 0,
7240001009175_1100_00,3175988806,1047 2,3013 2,
7240001009175_1100_00,1637568899,2999 4,2148 2,
7240001009175_1100_00,1955103154,1037 6,6056 2,
7240001009175_1100_00,1955103154,1037 6,6053 2,
7240001009175_1100_00,1955103154,1042 5,6057 2,
7240001009175_1100_00,1637568899,2150 1,2999 0,
7240001009175_1120_00,3695385859,1042 2,2030 2,
7240001009175_1120_00,3695385859,1029 4,2022 2,
7240001009175_1120_00,3695385859,1029 4,2020 4,
7240001009175_1120_00,3695385859,1032 4,2028 2,
7240001009175_1120_00,1637568899,2151 1,1002 5,
7240001009175_1120_00,3175988806,1031 2,3012 2,
7240001009175_1120_00,3175988806,1028 2,3018 2,
7240001009175_1120_00,3175988806,1028 2,3019 2,
7240001009175_1120_00,1637568899,2029 2,2151 2,
7240001009175_1120_00,3695385859,1040 2,2029 2,
7240001009175_1120_00,3695385859,1028 4,2034 2,
7240001009175_1120_00,3695385859,1047 4,2022 2,
7240001009175_1120_00,3695385859,1047 4,2020 4,
7240001009175_1120_00,1637568899,2152 1,2030 1,
7240001009175_1120_00,1637568899,2151 1,2030 1,
7240001009175_1120_00,3175988806,1031 2,3011 2,
7240001009175_1120_00,3175988806,1042 2,1001 2,
7240001009175_1120_00,3175988806,1042 2,1002 2,
7240001009175_1120_00,3175988806,1037 4,1006 2,
7240001009175_1120_00,3175988806,1029 2,3024 2,
7240001009175_1120_00,3175988806,1029 2,3020 2,
7240001009175_1120_00,1637568899,1001 4,2153 0,
7240001009175_1120_00,3695385859,1041 3,2030 2,
7240001009175_1120_00,3695385859,1041 3,2029 2,
7240001009175_1120_00,3695385859,1040 2,1001 4,
7240001009175_1120_00,3695385859,1027 4,2035 2,
7240001009175_1120_00,3695385859,1033 2,2027 2,
7240001009175_1120_00,1637568899,2152 1,2028 1,
7240001009175_1120_00,1637568899,2153 1,2030 1,
7240001009175_1120_00,3175988806,1040 2,1001 2,
7240001009175_1120_00,1637568899,2030 2,2152 2,
7240001009175_1120_00,1637568899,1002 4,2151 2,
7240001009175_1120_00,3695385859,1038 2,2026 2,
7240001009175_1120_00,3695385859,1040 2,2030 2,
7240001009175_1120_00,3695385859,1040 2,1002 4,
7240001009175_1120_00,3695385859,1042 2,2029 2,
7240001009175_1120_00,3695385859,1047 4,2025 2,
7240001009175_1120_00,1637568899,2153 1,2029 1,
7240001009175_1120_00,3175988806,1040 2,3015 2,
7240001009175_1120_00,3175988806,1027 2,3018 2,
7240001009175_1120_00,3175988806,1030 2,3023 2,
7240001009175_1120_00,3175988806,1029 2,3016 0,
7240001009175_1120_00,3175988806,1028 2,3021 2,
7240001009175_1120_00,3175988806,1028 2,3016 0,
7240001009175_1120_00,3695385859,1042 2,1002 4,
7240001009175_1120_00,3695385859,1028 4,2033 0,
7240001009175_1120_00,1637568899,2152 1,1002 5,
7240001009175_1120_00,3175988806,1041 3,1001 2,
7240001009175_1120_00,3175988806,1042 2,3015 2,
7240001009175_1120_00,3175988806,1027 2,3022 2,
7240001009175_1120_00,3175988806,1028 2,3017 0,
7240001009175_1120_00,1637568899,1002 4,2152 2,
7240001009175_1120_00,3695385859,1030 4,2020 4,
7240001009175_1120_00,3695385859,1047 4,2023 2,
7240001009175_1120_00,3695385859,1047 4,2024 2,
7240001009175_1120_00,3695385859,1037 4,1006 4,
7240001009175_1120_00,1637568899,2153 1,1001 5,
7240001009175_1120_00,1637568899,2153 1,2028 1,
7240001009175_1120_00,3175988806,1041 3,3015 2,
7240001009175_1120_00,3175988806,1032 2,3010 2,
7240001009175_1120_00,3175988806,1047 2,3023 2,
7240001009175_1120_00,3175988806,1033 2,3014 2,
7240001009175_1120_00,3695385859,1028 4,2035 2,
7240001009175_1120_00,3695385859,1030 4,2023 2,
7240001009175_1120_00,3695385859,1037 4,1005 4,
7240001009175_1120_00,3695385859,1031 4,2026 2,
7240001009175_1120_00,1637568899,2153 1,1002 5,
7240001009175_1120_00,3175988806,1031 2,3013 2,
7240001009175_1120_00,3175988806,1041 3,1002 2,
7240001009175_1120_00,3175988806,1032 2,3013 2,
7240001009175_1120_00,3175988806,1029 2,3022 2,
7240001009175_1120_00,1637568899,1002 4,2153 0,
7240001009175_1120_00,3695385859,1041 3,1002 4,
7240001009175_1120_00,3695385859,1030 4,2022 2,
7240001009175_1120_00,3695385859,1030 4,2024 2,
7240001009175_1120_00,3695385859,1030 4,2025 2,
7240001009175_1120_00,3695385859,1033 2,2028 2,
7240001009175_1120_00,1637568899,2151 1,1001 5,
7240001009175_1120_00,3175988806,1031 2,3010 2,
7240001009175_1120_00,3175988806,1027 2,3019 2,
7240001009175_1120_00,3175988806,1027 2,3020 2,
7240001009175_1120_00,3175988806,1029 2,3023 2,
7240001009175_1120_00,3175988806,1029 2,3018 2,
7240001009175_1120_00,1637568899,2030 2,2153 0,
7240001009175_1120_00,1637568899,2030 2,2151 2,
7240001009175_1120_00,1637568899,2028 2,2151 2,
7240001009175_1120_00,3695385859,1042 2,1001 4,
7240001009175_1120_00,3695385859,1027 4,2033 0,
7240001009175_1120_00,3695385859,1032 4,2027 2,
7240001009175_1120_00,1637568899,2151 1,2029 1,
7240001009175_1120_00,3175988806,1027 2,3021 2,
7240001009175_1120_00,3175988806,1027 2,3016 0,
7240001009175_1120_00,3175988806,1037 4,1005 2,
7240001009175_1120_00,1637568899,2029 2,2153 0,
7240001009175_1120_00,3695385859,1041 3,1001 4,
7240001009175_1120_00,3695385859,1038 2,2028 2,
7240001009175_1120_00,3695385859,1028 4,2036 2,
7240001009175_1120_00,3695385859,1027 4,2034 2,
7240001009175_1120_00,3695385859,1031 4,2028 2,
7240001009175_1120_00,3175988806,1030 2,3024 2,
7240001009175_1120_00,3175988806,1029 2,3017 0,
7240001009175_1120_00,3175988806,1029 2,3019 2,
7240001009175_1120_00,1637568899,2028 2,2153 0,
7240001009175_1120_00,1637568899,2028 2,2152 2,
7240001009175_1120_00,1637568899,1001 4,2152 2,
7240001009175_1120_00,3695385859,1032 4,2026 2,
7240001009175_1120_00,3695385859,1033 2,2026 2,
7240001009175_1120_00,1637568899,2152 1,1001 5,
7240001009175_1120_00,1637568899,2152 1,2029 1,
7240001009175_1120_00,1637568899,2151 1,2028 1,
7240001009175_1120_00,3175988806,1038 2,3014 2,
7240001009175_1120_00,3175988806,1032 2,3012 2,
7240001009175_1120_00,3175988806,1040 2,1002 2,
7240001009175_1120_00,3175988806,1027 2,3017 0,
7240001009175_1120_00,3175988806,1047 2,3024 2,
7240001009175_1120_00,3175988806,1028 2,3022 2,
7240001009175_1120_00,3695385859,1038 2,2027 2,
7240001009175_1120_00,3695385859,1027 4,2036 2,
7240001009175_1120_00,3695385859,1031 4,2027 2,
7240001009175_1120_00,3175988806,1032 2,3011 2,
7240001009175_1120_00,3175988806,1029 2,3021 2,
7240001009175_1120_00,3175988806,1028 2,3020 2,
7240001009175_1120_00,1637568899,2029 2,2152 2,
7240001009175_1120_00,1637568899,1001 4,2151 2,
7240001009175_1150_00,1637568899,2152 1,2999 0,
7240001009175_1150_00,1637568899,2151 1,2999 0,
7240001009175_1150_00,1637568899,2999 4,2153 0,
7240001009175_1150_00,1637568899,2999 4,2151 2,
7240001009175_1150_00,1637568899,2999 4,2152 2,
7240001009175_1150_00,1637568899,2153 1,2999 0,
7240001009175_1160_00,3175988806,1040 2,3014 2,
7240001009175_1160_00,3695385859,1029 4,2033 0,
7240001009175_1160_00,3695385859,1029 4,2036 2,
7240001009175_1160_00,3175988806,1038 2,3011 2,
7240001009175_1160_00,3175988806,1033 2,3013 2,
7240001009175_1160_00,3175988806,1038 2,3013 2,
7240001009175_1160_00,3175988806,1033 2,3011 2,
7240001009175_1160_00,3175988806,1038 2,3010 2,
7240001009175_1160_00,3175988806,1041 3,3014 2,
7240001009175_1160_00,3175988806,1038 2,3012 2,
7240001009175_1160_00,3175988806,1042 2,3014 2,
7240001009175_1160_00,3695385859,1029 4,2034 2,
7240001009175_1160_00,3695385859,1029 4,2035 2,
7240001009175_1160_00,3175988806,1033 2,3012 2,
7240001009175_1160_00,3175988806,1033 2,3010 2,
7240001009175_1180_00,3695385859,1040 2,2026 2,
7240001009175_1180_00,3695385859,1047 4,2036 2,
7240001009175_1180_00,3695385859,1033 2,2024 2,
7240001009175_1180_00,3175988806,1047 2,3018 2,
7240001009175_1180_00,3695385859,1040 2,2028 2,
7240001009175_1180_00,3175988806,1030 2,3018 2,
7240001009175_1180_00,3175988806,1030 2,3021 2,
7240001009175_1180_00,3695385859,1032 4,2024 2,
7240001009175_1180_00,3695385859,1041 3,2026 2,
7240001009175_1180_00,3695385859,1041 3,2028 2,
7240001009175_1180_00,3695385859,1038 2,2024 2,
7240001009175_1180_00,3695385859,1038 2,2025 2,
7240001009175_1180_00,3695385859,1030 4,2034 2,
7240001009175_1180_00,3695385859,1037 4,1002 4,
7240001009175_1180_00,3175988806,1037 4,1002 2,
7240001009175_1180_00,3695385859,1042 2,2028 2,
7240001009175_1180_00,3695385859,1030 4,2033 0,
7240001009175_1180_00,3695385859,1037 4,2030 2,
7240001009175_1180_00,3175988806,1037 4,1001 2,
7240001009175_1180_00,3175988806,1030 2,3016 0,
7240001009175_1180_00,3175988806,1047 2,3017 0,
7240001009175_1180_00,3695385859,1033 2,2025 2,
7240001009175_1180_00,3175988806,1031 2,3023 2,
7240001009175_1180_00,3175988806,1032 2,3024 2,
7240001009175_1180_00,3175988806,1037 4,2999 1,
7240001009175_1180_00,3175988806,1030 2,3022 2,
7240001009175_1180_00,3695385859,1042 2,2026 2,
7240001009175_1180_00,3695385859,1030 4,2035 2,
7240001009175_1180_00,3695385859,1032 4,2023 2,
7240001009175_1180_00,3695385859,1037 4,2999 3,
7240001009175_1180_00,3175988806,1030 2,3017 0,
7240001009175_1180_00,3695385859,1038 2,2023 2,
7240001009175_1180_00,3695385859,1030 4,2036 2,
7240001009175_1180_00,3695385859,1047 4,2035 2,
7240001009175_1180_00,3695385859,1037 4,2029 2,
7240001009175_1180_00,3695385859,1037 4,1001 4,
7240001009175_1180_00,3695385859,1037 4,1004 4,
7240001009175_1180_00,3695385859,1031 4,2023 2,
7240001009175_1180_00,3695385859,1031 4,2024 2,
7240001009175_1180_00,3695385859,1031 4,2025 2,
7240001009175_1180_00,3175988806,1032 2,3023 2,
7240001009175_1180_00,3175988806,1030 2,3019 2,
7240001009175_1180_00,3175988806,1047 2,3021 2,
7240001009175_1180_00,3695385859,1047 4,2033 0,
7240001009175_1180_00,3175988806,1047 2,3020 2,
7240001009175_1180_00,3695385859,1042 2,2027 2,
7240001009175_1180_00,3175988806,1031 2,3024 2,
7240001009175_1180_00,3175988806,1047 2,3022 2,
7240001009175_1180_00,3175988806,1047 2,3016 0,
7240001009175_1180_00,3695385859,1040 2,2027 2,
7240001009175_1180_00,3695385859,1047 4,2034 2,
7240001009175_1180_00,3695385859,1032 4,2025 2,
7240001009175_1180_00,3175988806,1047 2,3019 2,
7240001009175_1180_00,3695385859,1041 3,2027 2,
7240001009175_1180_00,3695385859,1033 2,2023 2,
7240001009175_1180_00,3175988806,1037 4,1004 2,
7240001009175_1180_00,3175988806,1037 4,3015 2,
7240001009175_1180_00,3175988806,1030 2,3020 2,
7240001009175_1200_00,3695385859,1031 4,2036 2,
7240001009175_1200_00,3175988806,1031 2,3022 2,
7240001009175_1200_00,3175988806,1031 2,3021 2,
7240001009175_1200_00,3175988806,1032 2,3022 2,
7240001009175_1200_00,3175988806,1032 2,3019 2,
7240001009175_1200_00,3175988806,1040 2,3010 2,
7240001009175_1200_00,3175988806,1042 2,3011 2,
7240001009175_1200_00,3175988806,1033 2,3023 2,
7240001009175_1200_00,3695385859,1038 2,2022 2,
7240001009175_1200_00,3695385859,1031 4,2022 2,
7240001009175_1200_00,3175988806,1031 2,3020 2,
7240001009175_1200_00,3175988806,1032 2,3018 2,
7240001009175_1200_00,3175988806,1040 2,3011 2,
7240001009175_1200_00,3175988806,1033 2,3024 2,
7240001009175_1200_00,3695385859,1032 4,2022 2,
7240001009175_1200_00,3695385859,1032 4,2036 2,
7240001009175_1200_00,3695385859,1031 4,2035 2,
7240001009175_1200_00,3175988806,1042 2,3010 2,
7240001009175_1200_00,3695385859,1032 4,2035 2,
7240001009175_1200_00,3175988806,1031 2,3017 0,
7240001009175_1200_00,3175988806,1031 2,3019 2,
7240001009175_1200_00,3175988806,1042 2,3013 2,
7240001009175_1200_00,3695385859,1038 2,2020 4,
7240001009175_1200_00,3175988806,1038 2,3024 2,
7240001009175_1200_00,3695385859,1031 4,2020 4,
7240001009175_1200_00,3175988806,1032 2,3020 2,
7240001009175_1200_00,3175988806,1040 2,3012 2,
7240001009175_1200_00,3695385859,1032 4,2033 0,
7240001009175_1200_00,3695385859,1033 2,2022 2,
7240001009175_1200_00,3175988806,1041 3,3013 2,
7240001009175_1200_00,3695385859,1031 4,2034 2,
7240001009175_1200_00,3175988806,1042 2,3012 2,
7240001009175_1200_00,3695385859,1032 4,2020 4,
7240001009175_1200_00,3695385859,1031 4,2033 0,
7240001009175_1200_00,3695385859,1033 2,2020 4,
7240001009175_1200_00,3175988806,1041 3,3012 2,
7240001009175_1200_00,3175988806,1041 3,3010 2,
7240001009175_1200_00,3175988806,1038 2,3023 2,
7240001009175_1200_00,3695385859,1032 4,2034 2,
7240001009175_1200_00,3175988806,1031 2,3018 2,
7240001009175_1200_00,3175988806,1032 2,3017 0,
7240001009175_1200_00,3175988806,1040 2,3013 2,
7240001009175_1200_00,3175988806,1031 2,3016 0,
7240001009175_1200_00,3175988806,1041 3,3011 2,
7240001009175_1200_00,3175988806,1032 2,3021 2,
7240001009175_1200_00,3175988806,1032 2,3016 0,
7240001009175_1220_00,3695385859,1040 2,2024 2,
7240001009175_1220_00,3175988806,1041 3,3024 2,
7240001009175_1220_00,3175988806,1033 2,3016 0,
7240001009175_1220_00,3695385859,1041 3,2022 2,
7240001009175_1220_00,3695385859,1038 2,2035 2,
7240001009175_1220_00,3695385859,1033 2,2034 2,
7240001009175_1220_00,3175988806,1037 4,3014 2,
7240001009175_1220_00,3695385859,1038 2,2033 0,
7240001009175_1220_00,3695385859,1042 2,2025 2,
7240001009175_1220_00,3175988806,1038 2,3017 0,
7240001009175_1220_00,3695385859,1040 2,2023 2,
7240001009175_1220_00,3175988806,1033 2,3019 2,
7240001009175_1220_00,3175988806,1033 2,3020 2,
7240001009175_1220_00,3695385859,1038 2,2036 2,
7240001009175_1220_00,3695385859,1040 2,2020 4,
7240001009175_1220_00,3695385859,1040 2,2025 2,
7240001009175_1220_00,3695385859,1033 2,2036 2,
7240001009175_1220_00,3175988806,1041 3,3023 2,
7240001009175_1220_00,3175988806,1038 2,3020 2,
7240001009175_1220_00,3175988806,1038 2,3016 0,
7240001009175_1220_00,3175988806,1040 2,3023 2,
7240001009175_1220_00,3175988806,1040 2,3024 2,
7240001009175_1220_00,3175988806,1038 2,3019 2,
7240001009175_1220_00,3695385859,1033 2,2035 2,
7240001009175_1220_00,3175988806,1033 2,3017 0,
7240001009175_1220_00,3695385859,1041 3,2023 2,
7240001009175_1220_00,3695385859,1038 2,2034 2,
7240001009175_1220_00,3695385859,1033 2,2033 0,
7240001009175_1220_00,3175988806,1033 2,3018 2,
7240001009175_1220_00,3695385859,1042 2,2022 2,
7240001009175_1220_00,3695385859,1042 2,2024 2,
7240001009175_1220_00,3175988806,1038 2,3018 2,
7240001009175_1220_00,3175988806,1038 2,3022 2,
7240001009175_1220_00,3175988806,1038 2,3021 2,
7240001009175_1220_00,3175988806,1042 2,3023 2,
7240001009175_1220_00,3695385859,1041 3,2025 2,
7240001009175_1220_00,3695385859,1042 2,2023 2,
7240001009175_1220_00,3695385859,1042 2,2020 4,
7240001009175_1220_00,3175988806,1042 2,3024 2,
7240001009175_1220_00,3695385859,1041 3,2024 2,
7240001009175_1220_00,3695385859,1041 3,2020 4,
7240001009175_1220_00,3695385859,1040 2,2022 2,
7240001009175_1220_00,3175988806,1033 2,3022 2,
7240001009175_1220_00,3175988806,1033 2,3021 2,
7240001009175_1240_00,3695385859,1037 4,2027 2,
7240001009175_1240_00,3695385859,1037 4,2026 2,
7240001009175_1240_00,3695385859,1037 4,2028 2,
7240001009175_1260_00,3695385859,1041 3,2033 0,
7240001009175_1260_00,3695385859,1041 3,2035 2,
7240001009175_1260_00,3695385859,1040 2,2035 2,
7240001009175_1260_00,3695385859,1037 4,2025 2,
7240001009175_1260_00,3175988806,1042 2,3020 2,
7240001009175_1260_00,3175988806,1037 4,3011 2,
7240001009175_1260_00,3695385859,1042 2,2035 2,
7240001009175_1260_00,3175988806,1041 3,3017 0,
7240001009175_1260_00,3175988806,1041 3,3020 2,
7240001009175_1260_00,3175988806,1041 3,3022 2,
7240001009175_1260_00,3175988806,1042 2,3016 0,
7240001009175_1260_00,3175988806,1040 2,3022 2,
7240001009175_1260_00,3175988806,1040 2,3016 0,
7240001009175_1260_00,3175988806,1042 2,3018 2,
7240001009175_1260_00,3695385859,1042 2,2034 2,
7240001009175_1260_00,3175988806,1041 3,3016 0,
7240001009175_1260_00,3175988806,1042 2,3019 2,
7240001009175_1260_00,3695385859,1041 3,2034 2,
7240001009175_1260_00,3695385859,1037 4,2024 2,
7240001009175_1260_00,3175988806,1042 2,3017 0,
7240001009175_1260_00,3175988806,1037 4,3012 2,
7240001009175_1260_00,3175988806,1037 4,3013 2,
7240001009175_1260_00,3175988806,1040 2,3018 2,
7240001009175_1260_00,3175988806,1037 4,3024 2,
7240001009175_1260_00,3695385859,1040 2,2034 2,
7240001009175_1260_00,3175988806,1041 3,3018 2,
7240001009175_1260_00,3175988806,1040 2,3017 0,
7240001009175_1260_00,3175988806,1040 2,3019 2,
7240001009175_1260_00,3175988806,1037 4,3023 2,
7240001009175_1260_00,3695385859,1040 2,2033 0,
7240001009175_1260_00,3695385859,1040 2,2036 2,
7240001009175_1260_00,3175988806,1041 3,3021 2,
7240001009175_1260_00,3695385859,1042 2,2033 0,
7240001009175_1260_00,3695385859,1042 2,2036 2,
7240001009175_1260_00,3175988806,1041 3,3019 2,
7240001009175_1260_00,3175988806,1040 2,3021 2,
7240001009175_1260_00,3695385859,1041 3,2036 2,
7240001009175_1260_00,3695385859,1037 4,2023 2,
7240001009175_1260_00,3175988806,1040 2,3020 2,
7240001009175_1260_00,3175988806,1042 2,3022 2,
7240001009175_1260_00,3175988806,1042 2,3021 2,
7240001009175_1260_00,3175988806,1037 4,3010 2,
7240001009175_1300_00,3695385859,1037 4,2022 2,
7240001009175_1300_00,3175988806,1037 4,3020 2,
7240001009175_1300_00,3175988806,1037 4,3016 0,
7240001009175_1300_00,3695385859,1037 4,2035 2,
7240001009175_1300_00,3175988806,1037 4,3018 2,
7240001009175_1300_00,3695385859,1037 4,2033 0,
7240001009175_1300_00,3695385859,1037 4,2020 4,
7240001009175_1300_00,3695385859,1037 4,2036 2,
7240001009175_1300_00,3175988806,1037 4,3022 2,
7240001009175_1300_00,3175988806,1037 4,3021 2,
7240001009175_1300_00,3695385859,1037 4,2034 2,
7240001009175_1300_00,3175988806,1037 4,3017 0,
7240001009175_1300_00,3175988806,1037 4,3019 2,
